1538438400000,6610.00000000,6611.61000000,6605.59000000,6608.61000000,13.80519900,1538438459999,91252.34323274,104,8.41287200,55618.36996064,0
1538438460000,6608.61000000,6617.61000000,6605.95000000,6617.61000000,13.49805000,1538438519999,89267.26110301,138,8.82473100,58363.11055158,0
1538438520000,6617.60000000,6618.68000000,6606.66000000,6612.11000000,13.59306900,1538438579999,89877.64036204,113,4.40118600,29099.81916411,0
1538438580000,6611.61000000,6615.67000000,6611.13000000,6613.90000000,9.47117100,1538438639999,62634.70440838,60,8.14531500,53865.75045891,0
1538438640000,6613.91000000,6615.18000000,6611.04000000,6611.04000000,18.36104300,1538438699999,121423.08109352,88,13.80721500,91306.84595481,0
1538438700000,6611.04000000,6618.69000000,6611.04000000,6613.67000000,16.37641100,1538438759999,108310.07081282,106,13.03672400,86224.89147061,0
1538438760000,6613.67000000,6617.91000000,6613.51000000,6614.01000000,4.14214100,1538438819999,27399.89569232,66,2.30798900,15268.54908605,0
1538438820000,6614.97000000,6615.94000000,6612.00000000,6615.63000000,4.71718600,1538438879999,31196.74634886,73,1.85918400,12297.72431856,0
1538438880000,6615.62000000,6615.62000000,6602.60000000,6603.01000000,10.19020000,1538438939999,67345.98176313,108,2.16184300,14297.62465795,0
1538438940000,6608.78000000,6613.05000000,6607.71000000,6608.00000000,14.73936800,1538438999999,97411.04052809,57,12.89987900,85255.96986928,0
1538439000000,6608.01000000,6611.00000000,6608.00000000,6608.01000000,2.99908000,1538439059999,19818.12509631,50,1.69378900,11192.76199526,0
1538439060000,6610.96000000,6610.97000000,6604.84000000,6607.83000000,7.66490700,1538439119999,50659.79813066,68,4.34873200,28743.37832172,0
1538439120000,6607.81000000,6607.97000000,6602.20000000,6603.00000000,7.16253500,1538439179999,47306.94531841,99,3.42627900,22630.91894505,0
1538439180000,6603.01000000,6604.18000000,6600.23000000,6600.23000000,9.38002700,1538439239999,61923.20561769,93,2.96184200,19554.11276731,0
1538439240000,6601.00000000,6601.00000000,6599.07000000,6599.08000000,8.24641200,1538439299999,54427.73698047,106,4.65331600,30714.17379123,0
1538439300000,6600.84000000,6605.00000000,6597.94000000,6605.00000000,7.04167500,1538439359999,46477.87596851,119,5.52445300,36464.96801556,0
1538439360000,6604.59000000,6607.83000000,6601.67000000,6604.46000000,4.57714900,1538439419999,30237.82451845,76,3.39665200,22441.27897520,0
1538439420000,6604.45000000,6606.18000000,6600.60000000,6601.96000000,3.44610100,1538439479999,22755.58125329,66,1.89487000,12513.31572320,0
1538439480000,6601.28000000,6604.19000000,6600.59000000,6600.65000000,8.01270600,1538439539999,52895.43280808,86,4.60578100,30406.93221030,0
1538439540000,6600.64000000,6603.14000000,6598.69000000,6598.69000000,16.33125200,1538439599999,107800.42481616,118,10.50811500,69367.81137658,0
1538439600000,6597.94000000,6603.64000000,6597.35000000,6597.47000000,4.22144200,1538439659999,27858.07712797,52,2.52381200,16657.50519759,0
1538439660000,6597.73000000,6600.55000000,6597.47000000,6599.01000000,0.59936700,1538439719999,3955.32911171,28,0.35355100,2333.41972127,0
1538439720000,6599.72000000,6603.00000000,6599.00000000,6599.00000000,6.99797100,1538439779999,46199.56583628,109,2.74994400,18153.91824121,0
1538439780000,6602.59000000,6602.59000000,6595.21000000,6598.80000000,9.12299200,1538439839999,60198.87099006,95,4.11783900,27173.77675628,0
1538439840000,6596.05000000,6598.81000000,6595.00000000,6598.63000000,3.49729000,1538439899999,23067.91788410,62,1.16879900,7710.87666998,0
1538439900000,6598.59000000,6598.59000000,6594.28000000,6597.00000000,3.63115400,1538439959999,23954.88991337,69,2.72251300,17962.38880195,0
1538439960000,6594.51000000,6597.00000000,6594.28000000,6594.92000000,3.69126100,1538440019999,24342.14680231,63,1.22707600,8092.37717789,0
1538440020000,6594.93000000,6596.99000000,6592.05000000,6592.52000000,10.62919200,1538440079999,70092.44628871,80,5.39200600,35559.15599029,0
1538440080000,6592.54000000,6594.00000000,6591.64000000,6593.85000000,3.61812000,1538440139999,23853.61164996,98,2.42942000,16017.56227651,0
1538440140000,6591.68000000,6594.00000000,6591.68000000,6593.85000000,4.54859200,1538440199999,29992.66231426,85,3.50271800,23096.61762722,0
1538440200000,6594.00000000,6594.00000000,6591.82000000,6591.83000000,5.74501400,1538440259999,37882.09963680,113,3.58982000,23671.11561082,0
1538440260000,6591.82000000,6593.85000000,6588.33000000,6591.86000000,7.05381100,1538440319999,46495.07713462,103,2.03089700,13387.66015035,0
1538440320000,6591.84000000,6598.41000000,6588.63000000,6595.54000000,4.99055300,1538440379999,32906.65649643,65,4.14546800,27335.22601582,0
1538440380000,6595.54000000,6596.06000000,6589.50000000,6590.65000000,2.34353300,1538440439999,15452.62323533,67,0.75751000,4995.96259613,0
1538440440000,6592.69000000,6594.65000000,6589.53000000,6590.42000000,3.43130300,1538440499999,22615.12721212,67,2.42006600,15951.09009988,0
1538440500000,6592.26000000,6598.43000000,6592.26000000,6595.93000000,0.45470100,1538440559999,2998.73535836,21,0.16897700,1114.61033525,0
1538440560000,6596.40000000,6601.78000000,6596.40000000,6600.01000000,14.05449000,1538440619999,92729.51820388,108,8.40190300,55439.25979745,0
1538440620000,6600.00000000,6601.40000000,6592.80000000,6598.31000000,15.88397000,1538440679999,104802.35403543,74,9.60186300,63353.84950700,0
1538440680000,6598.31000000,6598.31000000,6592.95000000,6592.95000000,12.39403900,1538440739999,81755.14702890,76,6.57595000,43379.67430943,0
1538440740000,6592.98000000,6595.14000000,6592.66000000,6592.96000000,22.38313800,1538440799999,147583.97443279,100,12.80743000,84450.32150511,0
1538440800000,6593.43000000,6593.89000000,6591.61000000,6593.00000000,24.76236900,1538440859999,163249.98718144,71,12.96003500,85446.64582448,0
1538440860000,6592.11000000,6595.13000000,6591.14000000,6595.13000000,23.63568500,1538440919999,155827.82529835,79,9.97691400,65782.81293675,0
1538440920000,6593.89000000,6596.00000000,6591.22000000,6596.00000000,9.05723900,1538440979999,59719.22054993,63,4.83310300,31869.13825209,0
1538440980000,6595.99000000,6596.00000000,6595.00000000,6595.99000000,6.29082900,1538441039999,41493.65071252,68,4.33102200,28567.24904660,0
1538441040000,6595.99000000,6596.00000000,6595.00000000,6595.00000000,6.01370600,1538441099999,39664.36396152,82,4.19443700,27665.94486914,0
1538441100000,6595.50000000,6597.18000000,6593.66000000,6593.66000000,9.71904100,1538441159999,64101.03645138,72,4.60673800,30385.47508124,0
1538441160000,6595.02000000,6595.04000000,6591.21000000,6591.37000000,4.74846600,1538441219999,31303.55136461,83,2.04784500,13500.66384075,0
1538441220000,6592.69000000,6595.95000000,6591.14000000,6595.95000000,10.48234700,1538441279999,69103.63652732,101,6.05625100,39929.73974399,0
1538441280000,6594.00000000,6601.69000000,6592.97000000,6594.91000000,2.21023600,1538441339999,14580.71020717,43,0.40165900,2649.55640998,0
1538441340000,6593.63000000,6599.33000000,6593.62000000,6595.33000000,5.29490300,1538441399999,34922.51550213,107,3.36360800,22186.25272231,0
1538441400000,6595.33000000,6599.16000000,6593.93000000,6594.03000000,3.64631200,1538441459999,24047.39828471,69,1.61503400,10652.79168954,0
1538441460000,6596.66000000,6596.66000000,6591.29000000,6591.54000000,7.15686100,1538441519999,47188.97693010,66,3.87227100,25533.87807201,0
1538441520000,6593.71000000,6596.12000000,6588.45000000,6593.32000000,16.90895600,1538441579999,111461.89687450,90,5.64115000,37191.53585778,0
1538441580000,6588.80000000,6599.63000000,6588.80000000,6593.54000000,5.10671000,1538441639999,33674.11536282,61,3.41208000,22500.34009848,0
1538441640000,6597.62000000,6597.63000000,6589.11000000,6592.11000000,14.80118600,1538441699999,97551.36752808,108,6.70911500,44220.02095321,0
1538441700000,6592.11000000,6593.86000000,6589.82000000,6590.09000000,11.64559200,1538441759999,76750.14045060,69,5.52463500,36413.22364387,0
1538441760000,6593.79000000,6593.80000000,6590.10000000,6590.42000000,1.36627100,1538441819999,9007.07250294,26,0.92298800,6085.67877166,0
1538441820000,6592.96000000,6592.96000000,6590.25000000,6590.25000000,11.62901200,1538441879999,76645.93467537,70,5.16895600,34071.38292050,0
1538441880000,6590.26000000,6592.69000000,6590.00000000,6590.05000000,15.89061000,1538441939999,104728.88268649,111,7.44391900,49064.46421807,0
1538441940000,6590.04000000,6592.58000000,6589.95000000,6589.96000000,40.34157600,1538441999999,265868.96167631,100,12.53361800,82610.60516542,0
1538442000000,6589.95000000,6589.96000000,6587.85000000,6589.96000000,50.38764500,1538442059999,331987.58320511,170,19.11770900,125965.91918464,0
1538442060000,6589.96000000,6589.96000000,6587.73000000,6587.73000000,11.00532100,1538442119999,72510.86799661,151,5.63220900,37113.31408279,0
1538442120000,6587.73000000,6589.49000000,6585.00000000,6589.36000000,15.59916300,1538442179999,102750.04345683,184,9.71513200,63996.41116004,0
1538442180000,6585.72000000,6588.60000000,6584.18000000,6584.68000000,23.70103000,1538442239999,156077.64426009,122,12.84789300,84606.46953743,0
1538442240000,6584.19000000,6590.57000000,6584.17000000,6590.21000000,29.97357500,1538442299999,197480.43625948,88,26.76928900,176370.25155541,0
1538442300000,6590.21000000,6595.42000000,6590.21000000,6595.35000000,39.51917900,1538442359999,260605.15834680,129,35.49360200,234062.93235514,0
1538442360000,6593.64000000,6595.34000000,6593.64000000,6595.28000000,18.03010300,1538442419999,118911.40050763,90,12.08521700,79703.23537413,0
1538442420000,6595.28000000,6599.95000000,6593.66000000,6599.74000000,45.86301500,1538442479999,302454.28492651,81,20.19562600,133190.74641981,0
1538442480000,6595.14000000,6599.40000000,6595.14000000,6596.07000000,9.73810700,1538442539999,64235.19188783,45,3.10763800,20501.54648108,0
1538442540000,6596.07000000,6598.96000000,6596.06000000,6596.13000000,5.88039600,1538442599999,38791.65532080,85,2.69665400,17791.16173334,0
1538442600000,6597.23000000,6598.32000000,6596.13000000,6596.13000000,7.92303000,1538442659999,52265.88461934,117,2.90196300,19145.21273301,0
1538442660000,6596.14000000,6599.25000000,6595.23000000,6598.50000000,26.85344000,1538442719999,177168.09245857,121,16.11841100,106345.47581877,0
1538442720000,6598.50000000,6600.14000000,6595.24000000,6599.02000000,23.78332100,1538442779999,156935.01492142,74,11.65293400,76897.77066644,0
1538442780000,6599.58000000,6600.89000000,6599.00000000,6599.04000000,13.42014400,1538442839999,88573.28411911,88,9.68835000,63946.41705995,0
1538442840000,6599.04000000,6601.06000000,6595.28000000,6596.00000000,10.33865700,1538442899999,68217.72154601,79,2.93952200,19395.79119413,0
1538442900000,6596.00000000,6600.00000000,6596.00000000,6596.02000000,4.95441000,1538442959999,32684.72548598,94,2.33911600,15433.51063486,0
1538442960000,6597.70000000,6599.11000000,6596.02000000,6596.04000000,4.02705000,1538443019999,26566.22233264,88,2.35352000,15527.56460159,0
1538443020000,6596.09000000,6599.93000000,6596.05000000,6596.17000000,6.24882200,1538443079999,41225.18370182,95,3.01984200,19923.41360491,0
1538443080000,6597.93000000,6600.73000000,6596.03000000,6598.57000000,10.64040500,1538443139999,70206.57020544,134,8.47157500,55896.79508664,0
1538443140000,6599.71000000,6602.91000000,6598.46000000,6599.72000000,6.55493500,1538443199999,43264.86585251,62,2.59179200,17105.70430885,0
1538443200000,6599.73000000,6599.73000000,6596.02000000,6598.11000000,5.61431000,1538443259999,37038.43592379,69,3.58706300,23663.71559968,0
1538443260000,6598.21000000,6602.48000000,6598.10000000,6599.13000000,8.28412900,1538443319999,54669.30108653,87,4.15377100,27413.72463292,0
1538443320000,6598.63000000,6600.77000000,6598.12000000,6598.15000000,5.93124800,1538443379999,39145.48744641,63,4.67137800,30832.27709186,0
1538443380000,6599.06000000,6600.00000000,6596.02000000,6596.29000000,9.90454100,1538443439999,65345.39945218,133,4.32437800,28529.04685616,0
1538443440000,6596.44000000,6598.99000000,6596.44000000,6598.98000000,3.07449200,1538443499999,20285.92624286,56,2.01764600,13312.61307140,0
1538443500000,6598.01000000,6598.05000000,6596.02000000,6597.86000000,11.51586100,1538443559999,75967.20637879,61,0.98132800,6474.16134076,0
1538443560000,6597.86000000,6598.99000000,6591.55000000,6591.55000000,35.43734900,1538443619999,233709.49651939,149,5.99831100,39564.32093863,0
1538443620000,6591.55000000,6595.93000000,6590.01000000,6592.00000000,12.67305100,1538443679999,83537.54160149,79,8.45852700,55758.40476309,0
1538443680000,6592.01000000,6595.12000000,6591.56000000,6591.70000000,13.22796700,1538443739999,87200.98202658,77,7.75355100,51113.46773856,0
1538443740000,6591.71000000,6597.86000000,6591.71000000,6597.85000000,1.02038800,1538443799999,6729.62989263,31,0.69056100,4554.36590659,0
1538443800000,6597.85000000,6602.73000000,6595.45000000,6599.47000000,13.25894400,1538443859999,87494.82403261,99,5.58915600,36885.66032447,0
1538443860000,6601.59000000,6602.73000000,6598.27000000,6600.06000000,11.93231800,1538443919999,78755.11427731,84,6.81640900,44992.00839660,0
1538443920000,6602.72000000,6602.72000000,6599.47000000,6599.47000000,11.80837800,1538443979999,77933.11097443,81,4.28974300,28311.58214676,0
1538443980000,6599.47000000,6600.00000000,6595.31000000,6599.03000000,5.53930200,1538444039999,36542.21608040,98,3.75954300,24801.38753244,0
1538444040000,6595.46000000,6599.93000000,6595.46000000,6596.09000000,7.68329400,1538444099999,50684.94069441,78,2.99097500,19735.52664963,0
1538444100000,6599.73000000,6599.87000000,6596.16000000,6596.29000000,8.67092400,1538444159999,57218.81808060,72,5.82530600,38444.26597678,0
1538444160000,6596.21000000,6600.01000000,6596.12000000,6597.84000000,2.73709200,1538444219999,18063.22348151,38,2.25691600,14894.81891807,0
1538444220000,6598.94000000,6602.73000000,6596.86000000,6599.86000000,7.52767300,1538444279999,49673.70941605,55,5.01140200,33070.96329006,0
1538444280000,6600.93000000,6601.99000000,6599.00000000,6600.00000000,13.40998700,1538444339999,88509.47972038,96,8.43119200,55651.89639020,0
1538444340000,6600.00000000,6601.79000000,6596.93000000,6599.14000000,15.74259000,1538444399999,103896.06254821,89,8.26827900,54570.41002722,0
1538444400000,6599.16000000,6601.79000000,6599.05000000,6601.66000000,10.14056000,1538444459999,66934.05028050,67,5.17754900,34176.24708111,0
1538444460000,6601.66000000,6604.00000000,6599.23000000,6603.98000000,4.27418400,1538444519999,28214.40262890,62,3.19010900,21060.21202056,0
1538444520000,6601.34000000,6605.00000000,6601.12000000,6604.57000000,6.96384200,1538444579999,45984.16297853,134,3.77067400,24901.92260137,0
1538444580000,6604.56000000,6609.35000000,6604.56000000,6608.22000000,13.70971000,1538444639999,90580.43438533,133,8.08970200,53449.05580387,0
1538444640000,6608.22000000,6608.31000000,6600.09000000,6600.09000000,5.65667900,1538444699999,37365.88498214,74,1.21755400,8045.42697507,0
1538444700000,6603.85000000,6603.85000000,6599.44000000,6603.60000000,4.78688900,1538444759999,31595.78502543,47,2.93852900,19396.65056696,0
1538444760000,6603.58000000,6603.58000000,6599.88000000,6599.92000000,2.58395400,1538444819999,17055.51389026,40,1.99233600,13150.86417420,0
1538444820000,6600.00000000,6603.60000000,6599.87000000,6603.50000000,7.72672700,1538444879999,51012.26465073,56,6.34754100,41909.19391337,0
1538444880000,6603.81000000,6630.00000000,6601.64000000,6629.84000000,108.12004900,1538444939999,715414.73195028,480,86.13727900,570070.88610906,0
1538444940000,6624.18000000,6630.00000000,6620.43000000,6623.97000000,35.82412200,1538444999999,237407.16572939,223,29.70337700,196866.86744307,0
1538445000000,6624.00000000,6640.00000000,6624.00000000,6629.39000000,55.10795600,1538445059999,365531.39683800,411,44.00178300,291876.60243572,0
1538445060000,6629.37000000,6634.22000000,6624.35000000,6629.44000000,22.07846300,1538445119999,146348.29813764,148,15.73440000,104310.32822682,0
1538445120000,6629.00000000,6629.42000000,6621.05000000,6623.49000000,13.83534400,1538445179999,91665.56227647,121,6.88793400,45639.19562840,0
1538445180000,6623.97000000,6626.36000000,6621.05000000,6621.60000000,24.56322700,1538445239999,162668.80713748,114,14.57274600,96514.82458937,0
1538445240000,6621.05000000,6624.89000000,6621.05000000,6621.61000000,23.93263200,1538445299999,158499.68379829,95,17.20453500,113946.90307333,0
1538445300000,6621.71000000,6624.81000000,6619.97000000,6619.98000000,21.38380600,1538445359999,141591.29592622,159,14.05366400,93057.25419194,0
1538445360000,6619.99000000,6623.97000000,6612.01000000,6613.84000000,32.50453300,1538445419999,215041.49907652,168,6.49082300,42943.21250207,0
1538445420000,6617.97000000,6619.16000000,6615.54000000,6615.68000000,7.43665300,1538445479999,49207.62381727,85,5.85793400,38762.33467511,0
1538445480000,6615.62000000,6619.00000000,6612.35000000,6618.97000000,5.86418500,1538445539999,38793.29471362,77,3.93434500,26028.35485666,0
1538445540000,6612.98000000,6619.01000000,6612.98000000,6617.00000000,3.90212000,1538445599999,25813.78359331,61,2.07524200,13730.12239720,0
1538445600000,6616.99000000,6624.00000000,6605.35000000,6624.00000000,49.25874000,1538445659999,325968.30302883,198,22.72157500,150399.74047687,0
1538445660000,6624.00000000,6625.24000000,6620.00000000,6620.14000000,8.70649600,1538445719999,57663.98438804,92,4.58436700,30368.45880514,0
1538445720000,6620.14000000,6622.21000000,6615.72000000,6621.64000000,5.39192300,1538445779999,35695.64483244,70,3.74235100,24777.51248840,0
1538445780000,6621.64000000,6621.64000000,6616.05000000,6618.39000000,11.07912000,1538445839999,73318.93415790,78,8.78845100,58162.55440250,0
1538445840000,6616.61000000,6619.71000000,6616.61000000,6619.46000000,17.98870800,1538445899999,119056.12822838,73,16.29353800,107839.74925286,0
1538445900000,6619.46000000,6621.86000000,6615.51000000,6619.33000000,12.67628200,1538445959999,83898.16928157,73,6.54875500,43348.96181574,0
1538445960000,6615.52000000,6617.99000000,6615.50000000,6616.90000000,12.53855900,1538446019999,82952.70541943,106,9.79885400,64828.14390450,0
1538446020000,6617.40000000,6617.89000000,6613.74000000,6614.11000000,16.83277200,1538446079999,111353.85370584,99,9.27656500,61367.93538730,0
1538446080000,6614.11000000,6615.00000000,6614.00000000,6614.82000000,13.88299900,1538446139999,91826.62613027,124,8.59061500,56822.45269889,0
1538446140000,6614.41000000,6615.99000000,6614.00000000,6614.33000000,6.79633400,1538446199999,44955.17701049,76,4.27386600,28271.06191909,0
1538446200000,6615.51000000,6619.40000000,6613.50000000,6616.20000000,27.04693400,1538446259999,178926.04179137,98,11.89616000,78706.51172917,0
1538446260000,6616.18000000,6618.91000000,6612.21000000,6612.21000000,6.78144600,1538446319999,44852.78887546,50,1.84370300,12197.83503913,0
1538446320000,6610.87000000,6616.58000000,6610.00000000,6615.99000000,14.03257500,1538446379999,92786.24017475,64,3.58579500,23717.85281760,0
1538446380000,6615.99000000,6616.56000000,6614.01000000,6615.99000000,8.98056400,1538446439999,59406.27933296,123,8.12967700,53777.96400469,0
1538446440000,6615.29000000,6617.87000000,6614.58000000,6616.57000000,14.86460900,1538446499999,98343.91560573,123,7.89364400,52227.38111162,0
1538446500000,6616.56000000,6616.57000000,6614.50000000,6616.56000000,15.08740600,1538446559999,99809.48573527,94,11.10086800,73440.26739787,0
1538446560000,6616.49000000,6618.88000000,6614.05000000,6618.26000000,29.42067200,1538446619999,194652.40745829,126,20.69905000,136953.60355522,0
1538446620000,6618.26000000,6620.00000000,6614.80000000,6618.29000000,33.10136000,1538446679999,219071.22101334,101,23.85778100,157895.16685430,0
1538446680000,6618.28000000,6621.00000000,6615.99000000,6617.44000000,7.85111800,1538446739999,51953.80817654,75,4.23472700,28024.23695044,0
1538446740000,6617.46000000,6620.00000000,6617.40000000,6617.45000000,13.57372900,1538446799999,89825.42630358,97,6.24444800,41324.16762041,0
1538446800000,6617.47000000,6619.26000000,6616.01000000,6618.99000000,5.95174200,1538446859999,39384.12063253,71,2.07710100,13745.49794082,0
1538446860000,6618.99000000,6619.51000000,6615.00000000,6615.00000000,17.06104500,1538446919999,112894.37860622,80,4.45100200,29461.39768260,0
1538446920000,6618.97000000,6619.78000000,6613.02000000,6619.77000000,4.68953000,1538446979999,31033.26243100,69,2.25707400,14938.17670602,0
1538446980000,6617.07000000,6622.94000000,6616.25000000,6617.99000000,13.43954100,1538447039999,88950.03546695,121,9.89766300,65510.82713549,0
1538447040000,6617.99000000,6620.94000000,6616.24000000,6617.76000000,9.07952000,1538447099999,60087.47610339,76,4.77184600,31581.47335446,0
1538447100000,6617.75000000,6617.98000000,6615.00000000,6615.02000000,10.74610200,1538447159999,71105.22723252,99,5.56853900,36848.55087071,0
1538447160000,6615.00000000,6616.99000000,6614.01000000,6614.01000000,7.87303600,1538447219999,52081.35603557,121,4.36841900,28899.50394773,0
1538447220000,6614.46000000,6616.99000000,6614.07000000,6615.26000000,3.05749700,1538447279999,20229.81754219,66,2.46982400,16342.43873644,0
1538447280000,6616.13000000,6618.00000000,6615.26000000,6615.81000000,12.51609200,1538447339999,82816.33295228,106,7.51876100,49752.94321054,0
1538447340000,6615.80000000,6617.98000000,6614.01000000,6616.99000000,13.92811900,1538447399999,92158.27544055,70,4.51496700,29874.73855209,0
1538447400000,6616.99000000,6616.99000000,6613.01000000,6615.00000000,35.16647300,1538447459999,232588.93091891,95,14.80254100,97908.68027961,0
1538447460000,6613.01000000,6616.99000000,6613.01000000,6616.98000000,39.10598200,1538447519999,258616.01441910,114,9.95734200,65853.51916742,0
1538447520000,6613.90000000,6616.96000000,6613.01000000,6613.76000000,4.82178000,1538447579999,31893.21229646,64,2.27085700,15022.19652878,0
1538447580000,6613.76000000,6615.95000000,6613.02000000,6613.76000000,4.84192800,1538447639999,32025.41961117,72,2.39484900,15839.84596610,0
1538447640000,6613.76000000,6615.88000000,6613.01000000,6615.79000000,5.93413900,1538447699999,39249.93057674,76,2.29881000,15205.95395814,0
1538447700000,6613.15000000,6615.79000000,6610.10000000,6610.10000000,7.78800200,1538447759999,51502.40436160,110,3.44191100,22764.96491356,0
1538447760000,6610.21000000,6612.70000000,6609.69000000,6610.00000000,12.35519300,1538447819999,81668.42738577,146,4.73913400,31326.35950136,0
1538447820000,6610.00000000,6613.01000000,6607.01000000,6613.00000000,8.08191600,1538447879999,53413.09624718,93,2.62464000,17348.97459463,0
1538447880000,6612.98000000,6613.01000000,6609.28000000,6611.08000000,4.21922500,1538447939999,27894.05876148,67,2.83296700,18730.41839643,0
1538447940000,6611.08000000,6615.56000000,6611.08000000,6615.55000000,9.50549600,1538447999999,62859.82532797,73,2.30478200,15244.11674097,0
1538448000000,6615.00000000,6615.54000000,6608.06000000,6608.48000000,19.81295100,1538448059999,130981.02871689,154,9.98436300,66004.88389531,0
1538448060000,6609.28000000,6612.30000000,6607.03000000,6612.27000000,23.13124900,1538448119999,152857.44938930,130,12.50426900,82636.19819850,0
1538448120000,6609.04000000,6612.27000000,6607.80000000,6608.84000000,12.25689000,1538448179999,81008.32551823,79,6.55096000,43299.58126994,0
1538448180000,6610.99000000,6610.99000000,6605.00000000,6607.13000000,37.29618000,1538448239999,246436.62693143,129,14.34371400,94786.49958845,0
1538448240000,6607.69000000,6609.99000000,6605.06000000,6609.97000000,13.44167800,1538448299999,88800.64399168,50,4.45728500,29452.30341992,0
1538448300000,6609.97000000,6615.00000000,6606.86000000,6606.87000000,40.91361100,1538448359999,270352.96527751,113,15.27743400,100959.61534152,0
1538448360000,6606.87000000,6611.82000000,6606.86000000,6609.12000000,23.57782300,1538448419999,155785.67287248,43,2.33149500,15408.28217147,0
1538448420000,6611.58000000,6611.58000000,6607.00000000,6608.99000000,41.10047300,1538448479999,271580.27419463,78,10.97351300,72519.52870805,0
1538448480000,6608.99000000,6611.83000000,6607.06000000,6611.75000000,11.38329000,1538448539999,75231.65806406,81,5.53618200,36588.24284286,0
1538448540000,6611.75000000,6611.75000000,6607.03000000,6610.03000000,24.43642000,1538448599999,161504.01113789,90,3.25312500,21504.17256295,0
1538448600000,6610.02000000,6612.00000000,6610.02000000,6610.44000000,16.76211800,1538448659999,110807.35734711,84,4.58736900,30327.53748390,0
1538448660000,6610.44000000,6612.00000000,6610.09000000,6610.53000000,23.12663800,1538448719999,152875.12929769,105,4.28325800,28315.65790203,0
1538448720000,6611.23000000,6612.00000000,6610.47000000,6611.00000000,38.40044900,1538448779999,253859.88302849,79,6.50455900,43006.91306102,0
1538448780000,6611.50000000,6614.31000000,6611.00000000,6612.77000000,38.17222700,1538448839999,252372.07977798,82,4.76884500,31530.28987800,0
1538448840000,6612.77000000,6615.00000000,6610.00000000,6614.56000000,50.70987700,1538448899999,335282.44618651,185,14.40634900,95251.17532439,0
1538448900000,6614.99000000,6614.99000000,6611.08000000,6614.02000000,63.48289000,1538448959999,419888.62286159,90,13.99816600,92593.47344698,0
1538448960000,6614.01000000,6615.00000000,6611.15000000,6614.99000000,33.07376800,1538449019999,218739.32683221,69,14.10123000,93273.73607452,0
1538449020000,6615.00000000,6619.88000000,6614.98000000,6618.16000000,71.42889000,1538449079999,472758.11396106,121,51.06549800,337988.70501828,0
1538449080000,6618.16000000,6620.07000000,6618.06000000,6618.11000000,24.10030500,1538449139999,159506.38317747,97,13.79787000,91323.76651389,0
1538449140000,6619.09000000,6620.07000000,6618.06000000,6620.05000000,36.97235100,1538449199999,244717.88638542,145,22.07674000,146131.24331407,0
1538449200000,6620.05000000,6620.88000000,6618.06000000,6619.32000000,22.31903300,1538449259999,147731.32674159,119,12.25716300,81136.02360558,0
1538449260000,6619.31000000,6620.00000000,6618.06000000,6618.08000000,41.06320500,1538449319999,271786.07629696,151,15.17129400,100419.69818576,0
1538449320000,6618.31000000,6619.99000000,6618.06000000,6618.09000000,38.01221800,1538449379999,251568.00467534,78,1.56466600,10355.28238280,0
1538449380000,6618.09000000,6619.98000000,6618.07000000,6618.16000000,72.01064000,1538449439999,476600.06690397,133,31.23106100,206716.31634044,0
1538449440000,6618.16000000,6619.96000000,6618.06000000,6618.07000000,13.34186400,1538449499999,88298.82443381,108,4.13153100,27343.59295519,0
1538449500000,6618.07000000,6618.09000000,6618.06000000,6618.07000000,12.60799700,1538449559999,83440.50831669,101,2.33265700,15437.69155587,0
1538449560000,6618.07000000,6618.08000000,6618.06000000,6618.06000000,26.30316900,1538449619999,174076.12675901,87,6.67398500,44168.90277782,0
1538449620000,6618.07000000,6619.80000000,6618.06000000,6618.07000000,16.57760200,1538449679999,109713.13420650,87,2.12240500,14047.68512120,0
1538449680000,6618.07000000,6620.00000000,6618.06000000,6618.08000000,16.83106700,1538449739999,111390.17007844,49,0.89798100,5943.51544306,0
1538449740000,6618.08000000,6621.05000000,6618.06000000,6618.11000000,20.59086900,1538449799999,136283.24474355,95,5.12270700,33911.31598492,0
1538449800000,6618.11000000,6620.85000000,6618.06000000,6618.08000000,15.12297100,1538449859999,100102.40169099,144,7.03160100,46547.53214053,0
1538449860000,6618.08000000,6620.82000000,6618.06000000,6620.82000000,11.37122900,1538449919999,75260.83620949,105,5.21054600,34488.95865127,0
1538449920000,6619.45000000,6620.83000000,6618.07000000,6618.36000000,6.12190100,1538449979999,40521.26817453,57,2.03663500,13482.63735694,0
1538449980000,6618.37000000,6620.81000000,6618.07000000,6620.01000000,6.06241900,1538450039999,40124.19782123,74,1.56044600,10328.88974380,0
1538450040000,6620.01000000,6620.80000000,6618.07000000,6618.17000000,6.42945500,1538450099999,42556.46001867,78,1.79342600,11872.26798955,0
1538450100000,6618.17000000,6623.00000000,6618.17000000,6619.69000000,8.22365800,1538450159999,54436.81404021,93,3.44983800,22838.97338775,0
1538450160000,6619.69000000,6622.97000000,6618.07000000,6619.00000000,10.01582700,1538450219999,66300.44726923,111,3.88826800,25741.07294530,0
1538450220000,6620.63000000,6622.77000000,6620.63000000,6620.64000000,14.48841000,1538450279999,95926.11837045,79,5.65248700,37426.64538708,0
1538450280000,6620.64000000,6622.77000000,6618.06000000,6618.13000000,30.25338200,1538450339999,200229.34123705,102,3.60237000,23847.24753504,0
1538450340000,6618.06000000,6620.93000000,6618.06000000,6618.18000000,18.18687300,1538450399999,120371.00245165,118,6.45464800,42724.43086073,0
1538450400000,6618.18000000,6623.00000000,6609.27000000,6613.28000000,149.67225000,1538450459999,990445.35807990,182,15.65569700,103570.79578829,0
1538450460000,6613.28000000,6616.31000000,6609.44000000,6616.28000000,3.74725200,1538450519999,24780.72754843,35,2.62267700,17347.27176378,0
1538450520000,6612.14000000,6614.76000000,6609.84000000,6610.02000000,4.07450100,1538450579999,26942.94010709,37,1.84507600,12203.79141053,0
1538450580000,6610.04000000,6613.82000000,6609.85000000,6610.76000000,13.91481200,1538450639999,91985.59985176,100,8.83934600,58435.61582298,0
1538450640000,6610.75000000,6616.74000000,6610.09000000,6616.01000000,6.19575400,1538450699999,40976.60664238,72,3.94585300,26100.01565110,0
1538450700000,6617.47000000,6617.62000000,6615.00000000,6616.02000000,4.47210800,1538450759999,29586.28716437,86,1.26927100,8397.96041295,0
1538450760000,6616.06000000,6616.06000000,6612.97000000,6614.01000000,47.90734500,1538450819999,316874.94723712,112,24.42935800,161586.11767626,0
1538450820000,6614.00000000,6615.00000000,6614.00000000,6614.99000000,30.77112500,1538450879999,203529.46114272,92,17.70760800,117127.23170392,0
1538450880000,6614.01000000,6615.00000000,6612.08000000,6614.02000000,20.56943900,1538450939999,136048.76752969,62,13.62364800,90110.15560840,0
1538450940000,6614.70000000,6614.70000000,6612.40000000,6614.51000000,25.20136500,1538450999999,166684.69958676,65,24.20100200,160068.47979203,0
1538451000000,6614.51000000,6619.48000000,6614.50000000,6615.37000000,16.24927200,1538451059999,107515.92952625,143,9.81684300,64956.16410088,0
1538451060000,6615.37000000,6617.23000000,6615.37000000,6615.41000000,13.45008200,1538451119999,88988.66407333,68,7.75333800,51300.70394028,0
1538451120000,6615.40000000,6617.22000000,6613.75000000,6614.19000000,9.86663500,1538451179999,65274.02742964,40,4.04883200,26787.92106772,0
1538451180000,6616.99000000,6617.05000000,6614.17000000,6616.73000000,25.77900200,1538451239999,170543.43034818,41,14.50796400,95985.97907762,0
1538451240000,6614.30000000,6616.68000000,6612.07000000,6614.75000000,40.03676400,1538451299999,264825.75473413,94,36.68133400,242635.21776049,0
1538451300000,6614.75000000,6615.35000000,6612.08000000,6614.99000000,76.57587300,1538451359999,506532.95598382,95,75.23043000,497632.96179704,0
1538451360000,6614.86000000,6617.00000000,6612.27000000,6613.99000000,102.04146700,1538451419999,674975.39685606,82,98.19262300,649520.74714857,0
1538451420000,6613.99000000,6614.00000000,6610.87000000,6610.87000000,47.13225200,1538451479999,311624.32436411,90,19.20111900,126965.96986114,0
1538451480000,6610.86000000,6612.08000000,6610.73000000,6610.80000000,24.38433800,1538451539999,161199.97822180,83,3.83469400,25350.70481310,0
1538451540000,6610.76000000,6617.18000000,6610.76000000,6612.08000000,15.51296600,1538451599999,102567.64860753,47,5.86796700,38800.74738557,0
1538451600000,6613.85000000,6617.13000000,6613.85000000,6614.48000000,0.51411100,1538451659999,3401.10633683,11,0.23263500,1539.37603755,0
1538451660000,6617.11000000,6617.11000000,6613.12000000,6614.33000000,12.63986800,1538451719999,83601.52262987,45,1.77436000,11736.35147304,0
1538451720000,6614.33000000,6615.01000000,6610.99000000,6611.00000000,11.88595700,1538451779999,78589.12918987,57,3.78360200,25017.96109345,0
1538451780000,6611.00000000,6611.04000000,6610.74000000,6610.74000000,16.65619700,1538451839999,110112.40703813,111,9.38113600,62018.08932660,0
1538451840000,6610.90000000,6610.99000000,6608.87000000,6608.87000000,8.81425600,1538451899999,58265.17315940,79,3.75394400,24816.11840057,0
1538451900000,6608.87000000,6612.38000000,6608.00000000,6609.10000000,7.50132600,1538451959999,49575.71115301,62,5.39980600,35687.87035896,0
1538451960000,6609.10000000,6612.38000000,6606.41000000,6606.41000000,7.51684100,1538452019999,49686.82025904,105,1.76094600,11642.60455232,0
1538452020000,6606.97000000,6609.83000000,6606.40000000,6609.72000000,2.70076700,1538452079999,17843.29406128,69,1.61507600,10670.76662261,0
1538452080000,6606.50000000,6609.70000000,6606.41000000,6607.99000000,10.67890200,1538452139999,70552.36474080,48,1.19673700,7907.42929386,0
1538452140000,6606.64000000,6608.46000000,6605.12000000,6606.39000000,34.57248600,1538452199999,228407.74266414,85,6.31079700,41697.11559963,0
1538452200000,6605.12000000,6608.16000000,6605.12000000,6605.40000000,21.15994800,1538452259999,139767.32485351,96,4.33137000,28612.30709232,0
1538452260000,6606.73000000,6608.45000000,6605.40000000,6608.06000000,5.20793800,1538452319999,34412.80271749,81,2.80617500,18542.93383889,0
1538452320000,6608.06000000,6608.45000000,6608.05000000,6608.08000000,6.28015000,1538452379999,41500.32464697,82,3.63021700,23989.39490095,0
1538452380000,6608.24000000,6608.46000000,6608.05000000,6608.06000000,10.52273400,1538452439999,69536.28517343,114,5.18306800,34251.39214513,0
1538452440000,6608.26000000,6608.46000000,6606.03000000,6606.16000000,10.28326500,1538452499999,67944.73089836,81,5.72532000,37830.61262424,0
1538452500000,6608.45000000,6608.46000000,6602.87000000,6602.88000000,15.88587700,1538452559999,104929.79822640,104,5.59598300,36964.04145417,0
1538452560000,6602.88000000,6608.46000000,6602.88000000,6607.02000000,11.72523300,1538452619999,77463.53233963,87,7.44236300,49170.23097714,0
1538452620000,6605.07000000,6608.46000000,6605.00000000,6605.00000000,6.46425600,1538452679999,42700.15081937,58,2.72356600,17991.52893230,0
1538452680000,6605.01000000,6606.50000000,6604.84000000,6605.00000000,7.52890800,1538452739999,49729.22923293,92,3.68850300,24363.82821388,0
1538452740000,6604.94000000,6606.50000000,6602.87000000,6606.02000000,4.59852200,1538452799999,30372.59283555,71,2.17977900,14398.11170403,0
1538452800000,6605.99000000,6606.50000000,6603.04000000,6606.40000000,3.58786200,1538452859999,23698.73736505,76,1.28062300,8459.88243699,0
1538452860000,6606.45000000,6608.00000000,6603.37000000,6603.42000000,18.23532700,1538452919999,120427.49891994,111,1.75286300,11580.65047859,0
1538452920000,6603.43000000,6607.35000000,6602.88000000,6603.37000000,5.33384300,1538452979999,35222.85594647,64,2.10960100,13932.27723977,0
1538452980000,6605.04000000,6607.31000000,6603.43000000,6603.44000000,6.18013000,1538453039999,40820.90618158,44,2.19642700,14508.24945197,0
1538453040000,6605.36000000,6607.99000000,6603.45000000,6607.99000000,5.66638600,1538453099999,37437.55217546,68,2.21466700,14632.74124667,0
1538453100000,6607.99000000,6607.99000000,6604.56000000,6604.82000000,9.87651000,1538453159999,65251.64016383,39,1.67532300,11068.25067569,0
1538453160000,6605.91000000,6605.91000000,6602.87000000,6602.88000000,12.32439400,1538453219999,81388.16174439,92,8.39825200,55462.01794937,0
1538453220000,6603.85000000,6607.00000000,6602.89000000,6607.00000000,2.48477300,1538453279999,16410.08037717,22,1.80806900,11941.86908292,0
1538453280000,6607.00000000,6607.99000000,6603.78000000,6607.99000000,6.77174300,1538453339999,44739.04946320,67,3.83724400,25352.88829305,0
1538453340000,6607.52000000,6608.00000000,6605.67000000,6607.97000000,12.35020900,1538453399999,81607.73266057,73,4.14599600,27395.74818118,0
1538453400000,6606.89000000,6607.95000000,6605.80000000,6606.00000000,23.87045100,1538453459999,157711.01134569,83,15.28285800,100982.64288600,0
1538453460000,6605.99000000,6608.00000000,6605.83000000,6605.86000000,11.88161500,1538453519999,78491.67151545,94,5.76856300,38109.67584324,0
1538453520000,6605.85000000,6608.05000000,6605.84000000,6608.01000000,7.70442300,1538453579999,50899.49128996,58,4.27820100,28265.20979511,0
1538453580000,6606.95000000,6608.46000000,6605.86000000,6605.89000000,16.25217600,1538453639999,107373.39730383,85,8.86086400,58544.11295851,0
1538453640000,6607.80000000,6608.04000000,6605.88000000,6605.91000000,9.57447000,1538453699999,63251.78043408,99,4.45498100,29432.91931360,0
1538453700000,6608.04000000,6612.27000000,6605.91000000,6609.30000000,21.60010200,1538453759999,142756.82936774,79,18.79713800,124233.06044492,0
1538453760000,6609.32000000,6612.25000000,6609.00000000,6611.12000000,10.55629800,1538453819999,69773.81671334,63,5.69397700,37638.32156756,0
1538453820000,6610.11000000,6611.18000000,6609.02000000,6609.17000000,21.23118900,1538453879999,140330.48739896,65,8.28405300,54758.60112511,0
1538453880000,6609.19000000,6611.18000000,6609.19000000,6610.02000000,18.35293800,1538453939999,121310.28351645,52,3.97371000,26267.96056894,0
1538453940000,6610.56000000,6611.18000000,6610.01000000,6610.06000000,27.16971900,1538453999999,179600.12085983,87,12.78158100,84493.88039612,0
1538454000000,6610.60000000,6611.18000000,6609.01000000,6611.18000000,16.48972600,1538454059999,108996.01201703,82,4.35964700,28818.08591124,0
1538454060000,6611.18000000,6612.22000000,6609.21000000,6612.22000000,10.09954700,1538454119999,66762.34621962,36,2.39653600,15843.83707466,0
1538454120000,6610.50000000,6613.81000000,6610.49000000,6611.56000000,5.75555900,1538454179999,38051.90272010,67,1.16238400,7686.21628128,0
1538454180000,6613.76000000,6617.63000000,6611.64000000,6611.72000000,11.76788500,1538454239999,77840.70984203,85,2.57032100,17002.51312077,0
1538454240000,6611.75000000,6616.43000000,6611.75000000,6612.79000000,8.42042700,1538454299999,55702.39610736,29,5.11518200,33838.92022114,0
1538454300000,6616.35000000,6617.15000000,6610.29000000,6615.04000000,5.43856400,1538454359999,35974.52442890,67,2.89932500,19179.59860775,0
1538454360000,6616.15000000,6617.58000000,6611.05000000,6611.06000000,5.59963500,1538454419999,37042.51837747,68,2.67860400,17721.65334601,0
1538454420000,6614.99000000,6615.21000000,6611.06000000,6612.88000000,3.12782000,1538454479999,20686.11940360,34,2.18297700,14438.54734186,0
1538454480000,6613.94000000,6617.55000000,6612.88000000,6615.34000000,7.01925200,1538454539999,46432.02415148,75,4.48141100,29644.82524939,0
1538454540000,6617.53000000,6617.56000000,6614.78000000,6614.78000000,12.36110500,1538454599999,81784.15397030,130,6.73157300,44540.94377891,0
1538454600000,6614.77000000,6617.46000000,6611.20000000,6611.22000000,8.72302700,1538454659999,57708.14975789,89,5.71596600,37815.80523528,0
1538454660000,6614.77000000,6617.55000000,6612.02000000,6615.97000000,4.73951900,1538454719999,31348.57720691,47,3.16147000,20912.87259852,0
1538454720000,6615.97000000,6618.47000000,6614.40000000,6615.12000000,5.93467200,1538454779999,39259.64267276,73,2.84944800,18851.56707596,0
1538454780000,6615.11000000,6619.99000000,6615.11000000,6616.37000000,9.26455500,1538454839999,61309.29792508,97,5.73481400,37955.02769721,0
1538454840000,6616.36000000,6617.85000000,6614.63000000,6614.64000000,9.03051000,1538454899999,59741.26401209,82,2.88220900,19070.19370935,0
1538454900000,6616.23000000,6617.81000000,6614.64000000,6615.55000000,2.98635800,1538454959999,19757.85244897,52,1.65969700,10981.97583927,0
1538454960000,6615.56000000,6618.72000000,6615.55000000,6615.64000000,7.41067500,1538455019999,49034.22458155,115,4.15326100,27482.00860446,0
1538455020000,6616.73000000,6617.82000000,6615.00000000,6615.03000000,17.86542300,1538455079999,118196.47068830,92,10.05306000,66515.01862267,0
1538455080000,6615.03000000,6617.66000000,6614.63000000,6615.26000000,16.32045700,1538455139999,107961.49616863,87,8.55464400,56591.39465563,0
1538455140000,6616.45000000,6616.99000000,6614.65000000,6615.13000000,25.27713100,1538455199999,167215.61391526,98,15.40740400,101927.54696236,0
1538455200000,6614.90000000,6616.99000000,6614.66000000,6615.16000000,13.34957000,1538455259999,88310.95305972,73,8.83672700,58459.29215676,0
1538455260000,6615.15000000,6616.95000000,6614.71000000,6616.50000000,3.72069500,1538455319999,24614.01298403,94,2.11368800,13983.52676209,0
1538455320000,6615.81000000,6618.99000000,6615.11000000,6618.88000000,2.76454700,1538455379999,18291.17193095,76,1.95456500,12932.63862339,0
1538455380000,6616.59000000,6618.83000000,6616.50000000,6616.50000000,7.29735700,1538455439999,48283.04393082,63,2.81974900,18656.92869819,0
1538455440000,6616.50000000,6616.51000000,6614.63000000,6614.64000000,5.90202300,1538455499999,39043.54939478,90,2.82457900,18686.04271555,0
1538455500000,6615.32000000,6616.50000000,6614.65000000,6614.70000000,16.37871600,1538455559999,108346.87322020,78,9.61576800,63611.86820595,0
1538455560000,6614.71000000,6614.71000000,6614.00000000,6614.02000000,20.10631100,1538455619999,132994.84382405,76,7.82214600,51740.58895058,0
1538455620000,6614.01000000,6616.50000000,6613.09000000,6616.49000000,11.93729800,1538455679999,78956.56572021,52,6.40413500,42361.64561555,0
1538455680000,6614.83000000,6616.50000000,6613.19000000,6615.99000000,11.54159600,1538455739999,76344.17287808,49,6.82587200,45154.90251248,0
1538455740000,6615.99000000,6618.72000000,6613.82000000,6616.84000000,10.57095000,1538455799999,69933.78318742,69,7.45554600,49325.54858687,0
1538455800000,6616.84000000,6618.67000000,6616.09000000,6616.11000000,14.96897400,1538455859999,99037.73526540,93,6.85688700,45367.22047830,0
1538455860000,6616.18000000,6618.65000000,6614.43000000,6616.32000000,22.42196700,1538455919999,148349.72328118,86,8.77200700,58041.55643549,0
1538455920000,6617.48000000,6618.65000000,6614.50000000,6614.50000000,18.60342100,1538455979999,123087.61413233,77,8.18817100,54182.05278973,0
1538455980000,6617.26000000,6618.51000000,6613.61000000,6616.06000000,18.45491500,1538456039999,122114.29519676,60,10.79769400,71454.09777818,0
1538456040000,6616.06000000,6618.80000000,6613.69000000,6616.03000000,5.62764600,1538456099999,37230.60837053,43,0.98340800,6507.72752127,0
1538456100000,6618.67000000,6618.73000000,6613.84000000,6618.00000000,3.73552300,1538456159999,24717.94811177,41,1.75787600,11633.80455511,0
1538456160000,6614.88000000,6618.98000000,6614.88000000,6616.32000000,13.73457700,1538456219999,90875.34001719,63,7.64059400,50555.54086406,0
1538456220000,6618.48000000,6618.48000000,6616.09000000,6616.11000000,18.62017200,1538456279999,123198.97039431,106,5.89072500,38978.78639611,0
1538456280000,6616.11000000,6616.14000000,6613.09000000,6613.43000000,7.35717500,1538456339999,48660.60038674,52,1.34201100,8877.45037314,0
1538456340000,6614.21000000,6618.08000000,6613.13000000,6617.96000000,8.99559600,1538456399999,59495.91305505,57,4.42282200,29254.55214988,0
1538456400000,6613.50000000,6618.00000000,6613.50000000,6617.99000000,6.90045800,1538456459999,45656.09010842,58,1.46352900,9684.79480775,0
1538456460000,6618.00000000,6618.00000000,6615.21000000,6617.99000000,6.21054700,1538456519999,41099.57400442,64,1.67434700,11080.46233025,0
1538456520000,6616.91000000,6618.00000000,6615.22000000,6617.98000000,8.07918400,1538456579999,53453.97440102,62,3.02716700,20030.46029335,0
1538456580000,6615.38000000,6619.00000000,6615.33000000,6617.33000000,19.67373200,1538456639999,130187.61291743,73,2.89030600,19129.65165041,0
1538456640000,6617.33000000,6619.00000000,6615.76000000,6615.81000000,20.06388600,1538456699999,132763.00141547,58,1.84003500,12177.51292206,0
1538456700000,6617.00000000,6619.00000000,6615.81000000,6618.93000000,21.89001800,1538456759999,144830.24979215,77,7.52230800,49774.60890439,0
1538456760000,6616.20000000,6618.64000000,6616.00000000,6618.53000000,10.87321600,1538456819999,71945.25442608,39,4.89105000,32365.14042245,0
1538456820000,6618.53000000,6618.53000000,6616.27000000,6617.51000000,41.06712600,1538456879999,271726.89802026,106,18.15616100,120136.42439666,0
1538456880000,6617.52000000,6618.50000000,6616.58000000,6617.52000000,35.73955100,1538456939999,236509.73625286,80,8.38129200,55465.64841174,0
1538456940000,6617.53000000,6617.54000000,6613.10000000,6616.96000000,20.99922400,1538456999999,138933.12444215,111,7.74795500,51266.82687339,0
1538457000000,6613.21000000,6617.52000000,6613.21000000,6614.58000000,3.82173200,1538457059999,25282.95869238,33,2.88329200,19076.34506187,0
1538457060000,6614.62000000,6617.51000000,6614.62000000,6614.76000000,16.44738600,1538457119999,108807.10933224,70,9.01749000,59659.60656393,0
1538457120000,6614.77000000,6617.49000000,6613.11000000,6617.00000000,18.99189900,1538457179999,125648.15056922,74,10.92060800,72252.61145496,0
1538457180000,6617.00000000,6618.50000000,6614.98000000,6617.99000000,11.29715200,1538457239999,74741.90292165,85,4.63946600,30698.45518413,0
1538457240000,6615.82000000,6619.00000000,6614.78000000,6614.78000000,10.57613700,1538457299999,69989.28434557,72,6.82981200,45200.31633133,0
1538457300000,6618.79000000,6620.00000000,6617.99000000,6619.05000000,27.31258000,1538457359999,180787.16855610,86,13.08317400,86601.73970625,0
1538457360000,6619.06000000,6622.00000000,6617.90000000,6618.36000000,35.33764100,1538457419999,233931.00361067,97,22.26723100,147410.20199236,0
1538457420000,6618.40000000,6621.79000000,6613.51000000,6613.53000000,39.36516800,1538457479999,260442.76827591,120,17.97574100,118937.17032192,0
1538457480000,6615.56000000,6618.29000000,6613.54000000,6615.04000000,53.93619700,1538457539999,356807.35060267,86,22.17754100,146729.23356390,0
1538457540000,6615.03000000,6618.30000000,6615.00000000,6617.84000000,25.40502700,1538457599999,168067.59689409,55,12.14298000,80334.83938149,0
1538457600000,6615.38000000,6618.74000000,6615.38000000,6617.85000000,17.59563200,1538457659999,116428.36861582,74,8.39950100,55580.93253397,0
1538457660000,6617.85000000,6619.63000000,6613.11000000,6614.04000000,17.81858700,1538457719999,117908.03722889,97,4.31240400,28536.32582693,0
1538457720000,6615.02000000,6619.52000000,6615.02000000,6617.27000000,3.61396300,1538457779999,23916.17249523,75,1.87196100,12389.39529043,0
1538457780000,6616.71000000,6619.32000000,6616.16000000,6616.32000000,3.52424700,1538457839999,23321.04258979,67,2.27744200,15071.86807659,0
1538457840000,6619.28000000,6619.38000000,6616.40000000,6619.10000000,5.70138300,1538457899999,37736.10269417,53,4.09328100,27094.09211274,0
1538457900000,6619.10000000,6621.00000000,6616.55000000,6618.12000000,6.56365800,1538457959999,43446.57242644,67,3.43452900,22735.07436952,0
1538457960000,6620.99000000,6620.99000000,6616.09000000,6619.09000000,13.72354600,1538458019999,90814.69312915,88,6.44667600,42664.86546081,0
1538458020000,6619.10000000,6622.00000000,6616.25000000,6617.85000000,9.76269100,1538458079999,64616.59849748,85,4.01409000,26572.03112156,0
1538458080000,6617.84000000,6621.93000000,6616.67000000,6620.69000000,2.75457200,1538458139999,18231.70490767,43,1.46806900,9718.16794119,0
1538458140000,6620.69000000,6621.96000000,6617.41000000,6621.04000000,5.27038900,1538458199999,34895.31812328,135,1.88679800,12492.50205365,0
1538458200000,6621.04000000,6621.89000000,6614.00000000,6615.32000000,6.23906800,1538458259999,41289.34677571,122,1.73498400,11483.87687794,0
1538458260000,6615.31000000,6619.72000000,6614.00000000,6616.87000000,7.02884800,1538458319999,46500.73179777,93,5.62686500,37225.71962820,0
1538458320000,6616.88000000,6618.00000000,6614.08000000,6617.02000000,4.64459700,1538458379999,30733.37834149,83,2.50398400,16569.40814771,0
1538458380000,6617.50000000,6617.99000000,6614.17000000,6616.95000000,17.29742700,1538458439999,114455.27712597,111,7.55592600,50000.23151937,0
1538458440000,6616.95000000,6616.95000000,6614.00000000,6615.00000000,1.67735400,1538458499999,11095.70230785,38,0.81211900,5372.88131624,0
1538458500000,6614.63000000,6615.00000000,6614.00000000,6614.00000000,20.05733100,1538458559999,132666.68574486,84,10.46758700,69238.81006433,0
1538458560000,6613.96000000,6615.00000000,6613.10000000,6613.15000000,18.44291100,1538458619999,121980.70505332,95,8.98566900,59433.66468535,0
1538458620000,6614.01000000,6617.94000000,6613.18000000,6617.93000000,17.78928000,1538458679999,117673.83329125,91,11.12002400,73564.21417480,0
1538458680000,6617.93000000,6617.94000000,6615.67000000,6616.51000000,13.65159400,1538458739999,90328.79485430,83,6.93702800,45903.76432818,0
1538458740000,6617.94000000,6617.94000000,6616.00000000,6617.01000000,8.95382300,1538458799999,59242.15325595,103,4.43438000,29340.47965691,0
1538458800000,6617.00000000,6617.94000000,6616.30000000,6616.52000000,5.17437200,1538458859999,34237.61183952,98,2.59717500,17185.61836412,0
1538458860000,6616.51000000,6617.94000000,6616.32000000,6617.01000000,4.10575700,1538458919999,27167.63438991,70,2.50436100,16571.87859926,0
1538458920000,6617.00000000,6619.99000000,6617.00000000,6617.00000000,5.53474200,1538458979999,36626.61332758,69,2.52781800,16729.37466640,0
1538458980000,6619.96000000,6619.96000000,6616.36000000,6617.66000000,10.90976600,1538459039999,72208.50964362,62,5.24575500,34721.44546040,0
1538459040000,6617.68000000,6620.00000000,6617.13000000,6617.26000000,21.67655200,1538459099999,143465.88351414,106,9.47831900,62737.12205234,0
1538459100000,6619.80000000,6619.81000000,6617.32000000,6619.81000000,15.64485100,1538459159999,103555.56827180,56,9.77883600,64728.24261248,0
1538459160000,6619.05000000,6619.81000000,6617.46000000,6617.71000000,20.67806000,1538459219999,136854.84921769,76,12.08043700,79957.10337443,0
1538459220000,6619.80000000,6620.00000000,6617.71000000,6619.99000000,12.54677200,1538459279999,83049.18979523,95,7.53696400,49890.23991144,0
1538459280000,6617.78000000,6619.90000000,6617.00000000,6617.21000000,1.81196000,1538459339999,11991.89575675,48,0.59550500,3941.32655624,0
1538459340000,6619.87000000,6621.02000000,6617.26000000,6618.45000000,49.11057500,1538459399999,325060.10250621,55,19.09449600,126404.15338474,0
1538459400000,6618.45000000,6621.69000000,6618.00000000,6621.60000000,6.96872500,1538459459999,46135.19761840,39,1.73310600,11473.52732830,0
1538459460000,6621.60000000,6621.67000000,6618.41000000,6621.30000000,40.49792300,1538459519999,268147.73084404,100,6.83623800,45265.41484259,0
1538459520000,6621.63000000,6622.00000000,6618.13000000,6621.30000000,53.04530600,1538459579999,351236.79059234,97,21.06608000,139490.84661316,0
1538459580000,6621.64000000,6622.00000000,6618.35000000,6618.67000000,8.31877000,1538459639999,55079.39439542,40,6.72152100,44507.74425350,0
1538459640000,6618.71000000,6621.94000000,6618.55000000,6618.55000000,5.73837000,1538459699999,37982.67225806,49,2.19766400,14547.94796402,0
1538459700000,6618.55000000,6620.84000000,6617.42000000,6617.42000000,16.57661400,1538459759999,109703.89930509,62,14.32226000,94785.01909621,0
1538459760000,6617.42000000,6618.00000000,6617.42000000,6617.88000000,49.13053100,1538459819999,325140.42168636,63,47.65466300,315373.62844868,0
1538459820000,6617.88000000,6618.00000000,6617.41000000,6618.00000000,22.05242100,1538459879999,145940.04096299,73,21.09869100,139628.44094636,0
1538459880000,6617.99000000,6618.55000000,6616.35000000,6618.53000000,8.77554300,1538459939999,58074.26114523,104,5.62353900,37217.24397236,0
1538459940000,6618.53000000,6620.78000000,6616.37000000,6616.37000000,4.20002400,1538459999999,27798.65775218,54,3.70257300,24506.85673576,0
1538460000000,6619.83000000,6622.20000000,6616.35000000,6620.64000000,14.95645000,1538460059999,99026.46606923,104,12.59817400,83414.44219693,0
1538460060000,6621.41000000,6623.33000000,6621.41000000,6621.99000000,23.11577600,1538460119999,153084.10686808,166,20.32892000,134629.52208403,0
1538460120000,6622.48000000,6622.97000000,6620.64000000,6620.64000000,14.25703800,1538460179999,94410.87567494,95,11.59074900,76757.26761868,0
1538460180000,6620.64000000,6621.99000000,6617.82000000,6617.89000000,14.38058700,1538460239999,95222.37190339,79,13.60192700,90067.44723073,0
1538460240000,6617.89000000,6620.99000000,6617.89000000,6619.00000000,0.41726000,1538460299999,2761.81998382,18,0.14187600,939.35584400,0
1538460300000,6618.44000000,6621.10000000,6617.90000000,6620.80000000,9.07747900,1538460359999,60091.26203236,66,7.31722300,48438.62778649,0
1538460360000,6620.78000000,6620.78000000,6616.37000000,6616.40000000,17.42129700,1538460419999,115272.66185137,76,1.52343600,10083.29766177,0
1538460420000,6619.36000000,6619.36000000,6615.01000000,6615.01000000,23.68483200,1538460479999,156718.62177936,113,11.64526000,77065.07673340,0
1538460480000,6615.09000000,6617.01000000,6615.00000000,6617.00000000,17.37876900,1538460539999,114971.53040336,75,16.62860300,110009.17006631,0
1538460540000,6616.50000000,6617.99000000,6610.00000000,6610.01000000,57.11430700,1538460599999,377742.95749577,179,26.20442000,173361.24266255,0
1538460600000,6610.00000000,6613.39000000,6610.00000000,6613.24000000,16.50432700,1538460659999,109128.96932263,65,14.06844400,93026.37432516,0
1538460660000,6612.84000000,6618.93000000,6611.03000000,6615.22000000,43.48202100,1538460719999,287609.98313020,107,39.16299800,259044.16072535,0
1538460720000,6617.85000000,6617.88000000,6612.29000000,6612.97000000,14.35088700,1538460779999,94909.85185863,46,0.80996800,5357.02971851,0
1538460780000,6612.98000000,6614.93000000,6611.01000000,6613.99000000,6.24007900,1538460839999,41268.08121701,97,5.00304800,33088.65158365,0
1538460840000,6613.02000000,6615.00000000,6611.01000000,6611.09000000,10.67637900,1538460899999,70602.38023207,124,3.45261000,22832.07269955,0
1538460900000,6611.01000000,6611.10000000,6609.41000000,6610.23000000,11.53763400,1538460959999,76265.14324829,123,3.30272200,21832.07064951,0
1538460960000,6609.41000000,6610.23000000,6606.10000000,6607.49000000,5.98186600,1538461019999,39530.71565882,89,3.16643700,20927.07544142,0
1538461020000,6609.99000000,6613.91000000,6607.50000000,6612.02000000,30.99382500,1538461079999,204935.89681369,86,26.32845800,174089.82332276,0
1538461080000,6612.54000000,6613.06000000,6606.10000000,6609.64000000,26.92931600,1538461139999,178041.26776458,116,16.03443400,106023.21417671,0
1538461140000,6607.54000000,6609.63000000,6605.12000000,6609.38000000,38.81638700,1538461199999,256425.94814359,121,10.26185600,67788.54386722,0
1538461200000,6607.20000000,6609.51000000,6607.13000000,6609.50000000,3.16311800,1538461259999,20902.28635781,48,1.64072300,10843.44358301,0
1538461260000,6607.32000000,6608.41000000,6600.00000000,6603.11000000,13.41540700,1538461319999,88587.38826369,194,4.18173400,27619.51044106,0
1538461320000,6602.11000000,6606.20000000,6602.11000000,6603.36000000,6.11641100,1538461379999,40391.75633191,92,3.84268400,25375.97604520,0
1538461380000,6605.45000000,6609.51000000,6603.36000000,6604.36000000,10.07896500,1538461439999,66566.67114442,69,2.61431100,17269.33793705,0
1538461440000,6604.37000000,6604.37000000,6596.33000000,6599.78000000,36.37480400,1538461499999,240110.94392784,181,12.91864600,85305.51848725,0
1538461500000,6599.78000000,6599.99000000,6596.00000000,6599.75000000,21.65964800,1538461559999,142888.88843937,151,9.34546900,61656.23265710,0
1538461560000,6599.76000000,6600.00000000,6591.27000000,6594.91000000,23.52874200,1538461619999,155183.33456741,118,11.70217800,77191.95898166,0
1538461620000,6594.91000000,6605.79000000,6594.04000000,6603.83000000,39.34557500,1538461679999,259543.58013578,145,28.16653400,185818.74842356,0
1538461680000,6602.68000000,6607.96000000,6602.68000000,6607.92000000,10.39536100,1538461739999,68676.93809986,74,4.21227600,27828.66906467,0
1538461740000,6607.92000000,6607.92000000,6605.01000000,6605.02000000,18.31411600,1538461799999,120985.04421050,80,11.57827900,76485.92469199,0
1538461800000,6605.02000000,6605.02000000,6605.00000000,6605.00000000,4.09976000,1538461859999,27078.95113786,65,2.14060600,14138.73597901,0
1538461860000,6605.01000000,6605.05000000,6604.69000000,6605.05000000,10.78960800,1538461919999,71264.48171971,61,7.63553100,50432.07344986,0
1538461920000,6605.16000000,6607.81000000,6605.01000000,6605.01000000,5.74719400,1538461979999,37967.68429647,95,3.09792700,20467.11886588,0
1538461980000,6605.01000000,6606.77000000,6600.49000000,6604.39000000,5.12878200,1538462039999,33868.75109122,74,1.96760400,12995.94420718,0
1538462040000,6604.39000000,6604.51000000,6600.40000000,6604.37000000,4.98443900,1538462099999,32914.42842561,72,3.74156100,24709.13043276,0
1538462100000,6604.36000000,6604.37000000,6602.00000000,6604.29000000,5.55954400,1538462159999,36712.66745768,65,2.70114400,17838.52736868,0
1538462160000,6604.29000000,6607.93000000,6602.01000000,6604.00000000,12.64229700,1538462219999,83509.71867944,121,6.08716900,40212.89121611,0
1538462220000,6605.74000000,6607.88000000,6602.04000000,6606.10000000,2.83579900,1538462279999,18732.11625136,54,2.35075500,15528.67113526,0
1538462280000,6607.87000000,6609.95000000,6606.11000000,6607.50000000,8.91764400,1538462339999,58926.79117148,93,2.47804600,16374.87557211,0
1538462340000,6607.56000000,6609.69000000,6604.35000000,6605.00000000,8.67146000,1538462399999,57302.60786464,100,6.16302900,40730.45501657,0
1538462400000,6606.88000000,6609.39000000,6600.36000000,6604.99000000,3.43888700,1538462459999,22716.18938720,37,1.66506000,11002.26682824,0
1538462460000,6604.95000000,6608.99000000,6601.77000000,6608.99000000,9.91185100,1538462519999,65474.72025742,61,8.13696800,53749.05483683,0
1538462520000,6606.75000000,6608.96000000,6602.02000000,6606.23000000,10.24490000,1538462579999,67677.85028719,42,6.14454100,40594.70614182,0
1538462580000,6606.14000000,6606.14000000,6602.00000000,6603.67000000,13.35464400,1538462639999,88178.99834652,70,10.25008100,67680.55054132,0
1538462640000,6600.51000000,6605.90000000,6600.00000000,6603.69000000,7.68996300,1538462699999,50772.36446430,97,5.89520700,38921.93452201,0
1538462700000,6605.83000000,6609.00000000,6603.55000000,6608.99000000,28.68538700,1538462759999,189474.18077911,103,24.91821700,164597.35337264,0
1538462760000,6609.00000000,6612.38000000,6607.06000000,6609.54000000,8.81654400,1538462819999,58276.22367792,94,2.77224900,18327.74515957,0
1538462820000,6609.56000000,6611.83000000,6608.00000000,6608.01000000,3.99810600,1538462879999,26423.71962207,90,2.38024000,15731.75999535,0
1538462880000,6608.01000000,6608.01000000,6608.00000000,6608.00000000,9.62707300,1538462939999,63615.71451903,51,1.53522400,10144.77554424,0
1538462940000,6608.01000000,6608.01000000,6605.01000000,6605.50000000,7.55659800,1538462999999,49921.08189189,65,4.87758500,32224.23486519,0
1538463000000,6605.51000000,6608.01000000,6605.00000000,6605.81000000,9.60504000,1538463059999,63455.99552279,99,4.81333600,31802.07417877,0
1538463060000,6605.43000000,6607.92000000,6603.00000000,6603.00000000,9.52509600,1538463119999,62914.30920869,86,5.84100000,38581.02590353,0
1538463120000,6603.01000000,6606.95000000,6601.64000000,6601.65000000,7.26999500,1538463179999,48004.60562129,81,4.81145200,31772.09610849,0
1538463180000,6601.65000000,6606.95000000,6600.84000000,6603.66000000,14.15369300,1538463239999,93448.87469973,78,4.09312700,27029.43395950,0
1538463240000,6603.69000000,6605.92000000,6603.01000000,6605.91000000,8.61067900,1538463299999,56860.73137366,106,4.78549900,31601.92815910,0
1538463300000,6604.83000000,6605.88000000,6600.84000000,6601.34000000,6.37462300,1538463359999,42098.74570494,55,3.21356300,21225.28075061,0
1538463360000,6604.63000000,6608.01000000,6601.37000000,6607.62000000,11.03884900,1538463419999,72919.50500641,83,6.92240400,45729.99667613,0
1538463420000,6605.31000000,6608.01000000,6602.01000000,6603.72000000,5.94153100,1538463479999,39238.53759947,78,3.10790000,20527.02339351,0
1538463480000,6607.97000000,6607.98000000,6603.81000000,6604.58000000,1.27018000,1538463539999,8390.65402471,35,0.70853200,4681.36888795,0
1538463540000,6606.38000000,6606.38000000,6602.00000000,6606.00000000,3.25712500,1538463599999,21509.46912728,68,2.08303500,13756.23716001,0
1538463600000,6606.27000000,6608.01000000,6603.23000000,6604.11000000,6.01407300,1538463659999,39727.93933875,58,3.63349400,24003.25267022,0
1538463660000,6607.31000000,6608.01000000,6604.19000000,6607.98000000,2.50155700,1538463719999,16528.13282893,44,2.18219700,14418.49235572,0
1538463720000,6607.96000000,6608.01000000,6604.71000000,6607.54000000,1.98480400,1538463779999,13111.40216744,48,0.33163000,2191.27769803,0
1538463780000,6605.14000000,6607.63000000,6604.58000000,6607.60000000,6.11680400,1538463839999,40404.13728218,68,3.63228900,23994.02126604,0
1538463840000,6604.59000000,6607.54000000,6599.17000000,6600.00000000,34.05264000,1538463899999,224864.77340633,117,22.87003000,151024.28853722,0
1538463900000,6599.19000000,6601.40000000,6599.16000000,6599.17000000,41.25738600,1538463959999,272308.82110086,104,22.79913800,150491.17651023,0
1538463960000,6599.17000000,6599.17000000,6594.00000000,6595.39000000,48.14541400,1538464019999,317588.63163823,178,36.84344600,243047.23113812,0
1538464020000,6594.00000000,6600.00000000,6592.54000000,6595.72000000,68.31366800,1538464079999,450558.38075246,131,56.89123300,375217.93935170,0
1538464080000,6595.72000000,6599.87000000,6591.27000000,6598.05000000,16.96368600,1538464139999,111894.23702438,80,11.53949500,76132.33894714,0
1538464140000,6592.82000000,6597.85000000,6592.82000000,6596.99000000,6.54522400,1538464199999,43168.06407994,53,5.08778000,33558.96271440,0
1538464200000,6596.99000000,6597.00000000,6593.37000000,6596.97000000,6.90618000,1538464259999,45559.50557896,70,4.29498100,28333.52355671,0
1538464260000,6596.97000000,6597.00000000,6593.41000000,6597.00000000,5.81308700,1538464319999,38339.86172453,109,3.99377000,26341.58714973,0
1538464320000,6597.00000000,6597.00000000,6595.47000000,6597.00000000,11.86786000,1538464379999,78287.58493466,106,6.49977900,42878.45038063,0
1538464380000,6597.00000000,6599.00000000,6597.00000000,6598.96000000,17.11587500,1538464439999,112922.49430390,59,15.31597100,101048.41926716,0
1538464440000,6598.08000000,6600.00000000,6597.18000000,6599.99000000,7.36474000,1538464499999,48596.49239910,112,4.53727300,29941.77466009,0
1538464500000,6599.99000000,6600.00000000,6596.84000000,6600.00000000,8.02164700,1538464559999,52939.02920059,99,5.38997400,35573.13108677,0
1538464560000,6600.00000000,6600.00000000,6597.24000000,6599.95000000,12.37724200,1538464619999,81676.34871145,85,6.08828200,40179.83843207,0
1538464620000,6599.95000000,6601.39000000,6597.47000000,6597.83000000,17.50351500,1538464679999,115510.45373963,98,10.74658100,70921.31265120,0
1538464680000,6599.60000000,6600.00000000,6597.29000000,6597.58000000,11.29193700,1538464739999,74510.58630923,97,3.18701400,21033.06934586,0
1538464740000,6599.97000000,6600.00000000,6597.59000000,6597.81000000,4.06042500,1538464799999,26793.27426724,98,2.05164400,13539.10380135,0
1538464800000,6599.90000000,6599.90000000,6597.80000000,6599.88000000,5.54850100,1538464859999,36614.88032532,89,3.96290200,26153.07592839,0
1538464860000,6598.94000000,6599.85000000,6596.01000000,6596.01000000,5.06900200,1538464919999,33446.21858915,87,1.85988800,12272.99806635,0
1538464920000,6597.80000000,6601.43000000,6596.04000000,6601.43000000,8.38957400,1538464979999,55367.33688312,104,7.11479100,46955.72990509,0
1538464980000,6601.43000000,6604.40000000,6598.91000000,6604.37000000,4.85895200,1538465039999,32072.69770207,100,2.60284500,17181.49425861,0
1538465040000,6604.35000000,6604.38000000,6595.41000000,6595.42000000,11.89860100,1538465099999,78500.26593781,138,3.48532700,22995.56059022,0
1538465100000,6597.76000000,6599.02000000,6594.01000000,6598.80000000,2.24990500,1538465159999,14841.35717890,52,1.41206200,9315.57027750,0
1538465160000,6595.78000000,6598.87000000,6592.79000000,6595.85000000,10.24795400,1538465219999,67599.42737660,87,3.36807300,22217.42618869,0
1538465220000,6598.00000000,6599.03000000,6595.79000000,6599.02000000,4.24899600,1538465279999,28032.62181321,74,1.52048900,10033.71009470,0
1538465280000,6599.01000000,6599.01000000,6594.29000000,6597.48000000,12.91783000,1538465339999,85213.61214457,95,2.63714200,17396.78346571,0
1538465340000,6597.42000000,6600.00000000,6594.29000000,6594.31000000,3.24937900,1538465399999,21436.64929691,67,2.36225500,15585.24558158,0
1538465400000,6594.30000000,6598.99000000,6592.37000000,6592.38000000,9.35861200,1538465459999,61710.76645917,138,6.80789000,44892.39431431,0
1538465460000,6592.38000000,6598.87000000,6592.37000000,6592.91000000,9.56574700,1538465519999,63103.90772710,60,9.02615900,59546.60595243,0
1538465520000,6592.91000000,6594.95000000,6592.00000000,6592.01000000,10.80832500,1538465579999,71255.08064187,152,5.70510300,37613.20823848,0
1538465580000,6592.45000000,6601.65000000,6592.00000000,6601.65000000,11.86886300,1538465639999,78282.65805004,132,8.41694700,55523.18860328,0
1538465640000,6600.58000000,6606.34000000,6597.48000000,6599.35000000,8.00865700,1538465699999,52869.59882419,131,3.56596400,23545.47203557,0
1538465700000,6599.36000000,6604.65000000,6597.73000000,6600.18000000,3.27122700,1538465759999,21589.43679149,91,1.54884700,10222.85911490,0
1538465760000,6598.04000000,6600.23000000,6597.48000000,6600.23000000,6.19537200,1538465819999,40886.58823867,81,2.22814800,14705.40850842,0
1538465820000,6600.21000000,6602.23000000,6597.48000000,6600.29000000,5.35493700,1538465879999,35335.44888200,100,3.53452500,23322.79344849,0
1538465880000,6600.30000000,6600.30000000,6597.67000000,6597.89000000,3.90791900,1538465939999,25787.15087892,84,2.36645600,15616.80999928,0
1538465940000,6600.03000000,6600.03000000,6597.48000000,6599.87000000,9.58293300,1538465999999,63229.91850927,123,2.01643100,13307.28387605,0
1538466000000,6597.99000000,6599.88000000,6592.78000000,6598.11000000,6.95370000,1538466059999,45878.92697147,118,3.93891400,25991.69303839,0
1538466060000,6597.18000000,6598.11000000,6592.78000000,6597.00000000,3.41674700,1538466119999,22534.66400080,56,1.63985600,10817.96167722,0
1538466120000,6597.01000000,6597.84000000,6593.51000000,6597.50000000,3.40862800,1538466179999,22487.50398175,60,2.81172300,18550.16380754,0
1538466180000,6597.50000000,6597.50000000,6594.30000000,6596.05000000,3.39031100,1538466239999,22362.13476708,46,2.76642100,18247.32483727,0
1538466240000,6596.05000000,6599.54000000,6596.05000000,6599.44000000,8.18712200,1538466299999,54017.61673759,89,5.85361700,38625.51500324,0
1538466300000,6597.72000000,6600.00000000,6596.06000000,6599.92000000,4.02510400,1538466359999,26559.72238574,73,2.07312600,13680.92563418,0
1538466360000,6597.53000000,6599.93000000,6596.06000000,6598.95000000,7.40177800,1538466419999,48843.72194113,85,4.71179000,31094.99450085,0
1538466420000,6598.95000000,6600.20000000,6596.13000000,6600.04000000,7.76405800,1538466479999,51235.56330222,98,4.58998500,30291.92775968,0
1538466480000,6600.20000000,6603.00000000,6600.06000000,6602.99000000,12.27819300,1538466539999,81057.90530322,100,10.95948600,72352.58276891,0
1538466540000,6602.99000000,6607.99000000,6600.90000000,6607.91000000,4.19012500,1538466599999,27676.59350412,75,3.62433900,23940.73361210,0
1538466600000,6607.90000000,6607.99000000,6603.24000000,6603.57000000,30.29962200,1538466659999,200121.36968680,79,5.94445200,39271.55273924,0
1538466660000,6603.25000000,6605.71000000,6602.98000000,6604.01000000,76.83947600,1538466719999,507443.10348920,78,54.74399700,361532.42521046,0
1538466720000,6603.24000000,6603.98000000,6600.91000000,6602.97000000,53.17301000,1538466779999,351088.01948364,69,51.69908300,341356.60879201,0
1538466780000,6602.01000000,6603.00000000,6600.92000000,6602.99000000,60.62045500,1538466839999,400258.39313674,79,57.45152500,379337.85897843,0
1538466840000,6600.98000000,6603.00000000,6600.91000000,6603.00000000,49.63040600,1538466899999,327687.24023922,70,47.38647800,312875.05747333,0
1538466900000,6602.99000000,6603.00000000,6600.22000000,6600.25000000,58.85550400,1538466959999,388587.20580161,83,56.08388900,370289.09726417,0
1538466960000,6600.25000000,6603.00000000,6600.03000000,6601.99000000,34.63193900,1538467019999,228627.52386676,91,32.56175000,214962.71110406,0
1538467020000,6601.99000000,6603.00000000,6600.23000000,6603.00000000,55.01591500,1538467079999,363209.41178120,107,50.29177700,332021.76833138,0
1538467080000,6602.99000000,6605.00000000,6600.30000000,6604.99000000,22.23967200,1538467139999,146842.48926995,80,20.77975700,137203.50934589,0
1538467140000,6604.00000000,6606.98000000,6604.00000000,6606.86000000,9.65457200,1538467199999,63774.94356184,107,5.69444000,37616.15352004,0
1538467200000,6604.13000000,6605.71000000,6600.23000000,6601.07000000,3.39504600,1538467259999,22418.13287187,75,1.26488100,8352.90117364,0
1538467260000,6603.00000000,6608.52000000,6601.08000000,6605.43000000,15.15345800,1538467319999,100101.88550019,77,9.75788300,64469.71051672,0
1538467320000,6605.43000000,6608.08000000,6603.76000000,6607.96000000,6.82330900,1538467379999,45072.55608358,51,3.79266200,25056.12637388,0
1538467380000,6605.15000000,6609.22000000,6605.06000000,6609.21000000,31.75406500,1538467439999,209825.23879023,70,15.91117200,105140.47811164,0
1538467440000,6609.22000000,6611.22000000,6609.00000000,6610.70000000,39.50240100,1538467499999,261097.80842862,120,32.26584300,213270.06228699,0
1538467500000,6611.80000000,6613.02000000,6610.72000000,6613.01000000,25.38555400,1538467559999,167855.61605529,160,10.83176500,71623.34936291,0
1538467560000,6613.01000000,6613.89000000,6610.05000000,6612.97000000,27.63391800,1538467619999,182733.25959408,141,7.01389200,46382.28197601,0
1538467620000,6610.15000000,6616.50000000,6610.00000000,6610.23000000,17.95552900,1538467679999,118718.84100961,123,7.22175900,47755.75119825,0
1538467680000,6611.24000000,6611.65000000,6608.04000000,6608.05000000,9.53094300,1538467739999,63002.85503705,130,4.54697800,30058.65230202,0
1538467740000,6608.05000000,6608.08000000,6602.34000000,6602.35000000,8.45724000,1538467799999,55853.16486344,116,4.21080400,27808.21960048,0
1538467800000,6602.34000000,6604.80000000,6602.01000000,6604.64000000,6.33847100,1538467859999,41853.87603508,127,3.45725200,22830.24179292,0
1538467860000,6602.05000000,6615.33000000,6602.05000000,6610.27000000,7.68931000,1538467919999,50805.40063958,72,6.15864500,40696.75548522,0
1538467920000,6609.11000000,6610.12000000,6604.86000000,6609.27000000,5.79039100,1538467979999,38255.91999955,210,1.38568800,9155.38932354,0
1538467980000,6609.27000000,6610.80000000,6606.77000000,6609.73000000,13.62741600,1538468039999,90063.56034372,467,1.64448100,10868.90458951,0
1538468040000,6609.73000000,6609.73000000,6606.00000000,6606.00000000,21.50960700,1538468099999,142097.79442028,445,4.36095400,28812.32672783,0
1538468100000,6606.01000000,6608.18000000,6602.36000000,6608.18000000,15.51155400,1538468159999,102445.01347165,319,3.01602300,19924.09752585,0
1538468160000,6608.18000000,6612.46000000,6606.00000000,6607.08000000,25.39051500,1538468219999,167780.65107080,110,15.15000400,100127.97993695,0
1538468220000,6607.09000000,6613.59000000,6607.08000000,6613.59000000,10.85301700,1538468279999,71737.79269551,162,6.87537400,45450.92684778,0
1538468280000,6613.57000000,6613.60000000,6610.56000000,6611.04000000,14.12958400,1538468339999,93420.98731787,119,9.17844200,60689.33358075,0
1538468340000,6611.66000000,6613.15000000,6611.04000000,6612.11000000,16.63646300,1538468399999,110000.99762929,299,9.05293900,59861.36833562,0
1538468400000,6612.11000000,6613.15000000,6611.06000000,6612.80000000,14.78659900,1538468459999,97765.08206754,426,6.89123400,45566.53551233,0
1538468460000,6612.80000000,6614.97000000,6611.12000000,6612.59000000,9.85466900,1538468519999,65162.04099044,131,5.85688500,38731.17596356,0
1538468520000,6612.58000000,6615.33000000,6612.58000000,6614.49000000,8.33024700,1538468579999,55099.22285017,141,4.02658600,26634.66967231,0
1538468580000,6614.48000000,6615.31000000,6609.04000000,6609.04000000,10.64243300,1538468639999,70376.51622825,146,3.61872500,23930.55241729,0
1538468640000,6609.04000000,6609.04000000,6606.33000000,6606.50000000,12.17283800,1538468699999,80435.90861485,94,5.82642900,38503.73316038,0
1538468700000,6608.89000000,6610.71000000,6606.53000000,6610.70000000,29.97240400,1538468759999,198059.88828194,81,19.99205200,132117.97859380,0
1538468760000,6610.70000000,6612.00000000,6606.80000000,6610.94000000,11.54097000,1538468819999,76282.40524677,67,7.26562900,48032.61339519,0
1538468820000,6609.15000000,6611.00000000,6607.38000000,6607.99000000,13.73405300,1538468879999,90769.84610882,120,9.66698600,63893.88377017,0
1538468880000,6607.99000000,6608.00000000,6606.28000000,6607.83000000,15.58553700,1538468939999,102987.69972949,116,10.91963000,72156.30080257,0
1538468940000,6607.82000000,6607.90000000,6605.72000000,6605.99000000,10.78554100,1538468999999,71260.54895667,122,7.82047500,51671.88322673,0
1538469000000,6605.99000000,6607.44000000,6605.46000000,6605.46000000,8.12138500,1538469059999,53651.12643222,111,6.15867600,40686.34571041,0
1538469060000,6605.46000000,6607.44000000,6602.39000000,6604.94000000,10.98209300,1538469119999,72533.97031415,121,3.77465900,24932.90461990,0
1538469120000,6603.96000000,6605.44000000,6602.43000000,6605.39000000,13.31229700,1538469179999,87906.24973145,101,10.43520000,68909.00352616,0
1538469180000,6603.05000000,6605.46000000,6602.41000000,6602.42000000,7.84620600,1538469239999,51812.99880551,137,5.09652400,33657.36126649,0
1538469240000,6602.41000000,6607.32000000,6600.05000000,6605.42000000,22.35025400,1538469299999,147580.68223095,144,13.56449000,89577.84192408,0
1538469300000,6605.42000000,6607.52000000,6600.08000000,6603.80000000,8.65436600,1538469359999,57146.71383970,101,3.78269900,24980.67231308,0
1538469360000,6603.82000000,6607.94000000,6603.82000000,6604.09000000,12.61118500,1538469419999,83308.35225779,93,9.23499400,61007.81728720,0
1538469420000,6604.10000000,6604.10000000,6600.00000000,6601.97000000,24.77334700,1538469479999,163536.09297070,127,11.84018800,78166.54827718,0
1538469480000,6601.08000000,6602.85000000,6600.00000000,6602.49000000,29.78113000,1538469539999,196598.29179800,112,20.15096300,133034.57984744,0
1538469540000,6602.49000000,6602.49000000,6600.10000000,6600.24000000,7.73581000,1538469599999,51066.15483545,82,4.04012500,26673.87673622,0
1538469600000,6600.24000000,6602.50000000,6597.23000000,6599.98000000,12.74794600,1538469659999,84139.73454533,125,3.59614700,23738.30388793,0
1538469660000,6599.98000000,6600.63000000,6597.20000000,6597.67000000,6.14901400,1538469719999,40581.48174671,89,5.44580700,35941.72189628,0
1538469720000,6598.32000000,6604.09000000,6597.66000000,6604.01000000,8.37628600,1538469779999,55290.21207331,101,7.10936200,46926.81681818,0
1538469780000,6604.01000000,6606.97000000,6600.45000000,6600.56000000,5.20364100,1538469839999,34369.27378482,112,2.01167200,13287.57579162,0
1538469840000,6604.01000000,6604.01000000,6599.00000000,6600.27000000,6.42833300,1538469899999,42431.14754931,76,1.80253300,11900.30386094,0
1538469900000,6600.27000000,6602.99000000,6598.16000000,6598.22000000,20.81338300,1538469959999,137368.52031905,99,11.69529400,77199.35227161,0
1538469960000,6600.95000000,6602.00000000,6598.16000000,6598.17000000,11.68703100,1538470019999,77145.02909573,89,10.44277000,68934.51389498,0
1538470020000,6600.85000000,6600.98000000,6597.60000000,6600.66000000,3.09393100,1538470079999,20417.10168575,69,1.34148500,8854.62138356,0
1538470080000,6600.82000000,6602.00000000,6597.69000000,6599.95000000,9.08307500,1538470139999,59943.74194615,116,5.92102100,39078.18426301,0
1538470140000,6599.97000000,6600.00000000,6597.69000000,6600.00000000,11.27601000,1538470199999,74417.84941153,83,9.62457500,63519.83649378,0
1538470200000,6600.00000000,6600.97000000,6598.00000000,6600.27000000,10.05888500,1538470259999,66390.22315501,79,7.11540700,46964.21077631,0
1538470260000,6600.13000000,6600.26000000,6597.60000000,6597.64000000,53.95371200,1538470319999,356022.02385904,93,46.57252800,307321.36261992,0
1538470320000,6598.00000000,6600.00000000,6595.00000000,6595.78000000,62.84088700,1538470379999,414518.83904742,161,34.06859100,224749.04651337,0
1538470380000,6595.78000000,6597.54000000,6594.01000000,6594.14000000,55.02977200,1538470439999,362908.98459866,147,16.46759900,108609.11443076,0
1538470440000,6595.79000000,6597.80000000,6594.96000000,6597.80000000,61.37012700,1538470499999,404836.01462317,123,31.80245500,209804.01001049,0
1538470500000,6599.87000000,6604.09000000,6597.64000000,6602.01000000,23.15704500,1538470559999,152841.39571870,120,13.71715000,90542.79740924,0
1538470560000,6602.00000000,6604.40000000,6601.06000000,6602.05000000,30.11453900,1538470619999,198853.23851073,119,14.76729500,97514.31968713,0
1538470620000,6602.07000000,6604.75000000,6602.07000000,6602.08000000,21.33473800,1538470679999,140875.68462389,118,8.17203000,53963.85248952,0
1538470680000,6602.09000000,6606.24000000,6602.09000000,6603.06000000,15.99960300,1538470739999,105668.35697390,107,8.90642300,58827.22910939,0
1538470740000,6605.71000000,6605.71000000,6602.01000000,6602.06000000,17.35830100,1538470799999,114607.07033328,89,5.72012500,37766.79616466,0
1538470800000,6602.09000000,6603.03000000,6602.00000000,6602.01000000,18.03878600,1538470859999,119094.20729518,102,6.99747900,46199.20193444,0
1538470860000,6602.01000000,6603.03000000,6602.00000000,6602.01000000,18.91502300,1538470919999,124878.21459038,88,2.86174400,18894.25838897,0
1538470920000,6602.02000000,6603.04000000,6602.00000000,6602.00000000,14.63643000,1538470979999,96633.98932657,69,2.79329200,18443.47963341,0
1538470980000,6602.00000000,6606.60000000,6602.00000000,6604.10000000,7.07998100,1538471039999,46750.80051496,53,3.52726500,23294.35743644,0
1538471040000,6604.23000000,6607.12000000,6604.21000000,6604.51000000,38.38169300,1538471099999,253550.05383322,101,26.34930400,174081.32597753,0
1538471100000,6604.50000000,6605.81000000,6603.46000000,6603.47000000,26.71335200,1538471159999,176406.90241677,73,6.60976500,43651.81635969,0
1538471160000,6603.46000000,6603.47000000,6602.37000000,6603.24000000,10.81593000,1538471219999,71419.79966186,67,2.69888900,17821.78641741,0
1538471220000,6603.34000000,6603.48000000,6602.37000000,6603.06000000,9.24598400,1538471279999,61051.95812557,87,6.49488900,42887.57209305,0
1538471280000,6603.48000000,6606.81000000,6603.00000000,6603.21000000,6.54321100,1538471339999,43207.40821739,93,4.40197400,29068.34838337,0
1538471340000,6603.25000000,6606.79000000,6603.25000000,6604.63000000,4.49672700,1538471399999,29701.99723434,62,2.37758300,15705.88506432,0
1538471400000,6604.63000000,6606.68000000,6604.00000000,6604.00000000,4.73538800,1538471459999,31276.89369350,80,1.77514500,11726.24675956,0
1538471460000,6604.01000000,6605.78000000,6602.44000000,6603.80000000,6.49953000,1538471519999,42921.77953979,92,2.83930800,18751.94225139,0
1538471520000,6604.19000000,6604.59000000,6603.79000000,6604.02000000,3.77497000,1538471579999,24929.88223035,83,1.97613000,13050.53773678,0
1538471580000,6604.02000000,6604.18000000,6604.00000000,6604.03000000,8.63871200,1538471639999,57050.30496881,67,2.34336100,15475.61263931,0
1538471640000,6604.04000000,6604.18000000,6604.03000000,6604.05000000,7.72498600,1538471699999,51016.31756574,101,1.48120200,9782.03774851,0
1538471700000,6604.06000000,6604.17000000,6604.03000000,6604.04000000,10.75566200,1538471759999,71031.23754495,127,3.57685800,23622.03516798,0
1538471760000,6604.03000000,6604.05000000,6604.03000000,6604.03000000,4.72157900,1538471819999,31181.48038279,81,0.91727400,6057.71544942,0
1538471820000,6604.04000000,6604.05000000,6597.28000000,6600.00000000,11.55925500,1538471879999,76316.49085097,101,3.55146700,23444.79804032,0
1538471880000,6598.83000000,6602.00000000,6597.54000000,6600.07000000,11.69799900,1538471939999,77205.12352539,85,7.69298200,50775.62354293,0
1538471940000,6600.07000000,6604.03000000,6596.68000000,6602.00000000,10.91572900,1538471999999,72051.30000144,93,2.03530700,13436.57640948,0
1538472000000,6601.00000000,6603.00000000,6600.00000000,6600.01000000,8.42615200,1538472059999,55618.61353750,92,2.59648400,17140.78906839,0
1538472060000,6601.85000000,6601.85000000,6600.00000000,6601.01000000,3.22581600,1538472119999,21291.65414754,74,1.81189400,11959.75028974,0
1538472120000,6601.44000000,6601.87000000,6601.01000000,6601.11000000,6.80344600,1538472179999,44912.77567854,61,4.43854500,29302.03076875,0
1538472180000,6601.46000000,6601.87000000,6600.00000000,6601.12000000,7.67287800,1538472239999,50650.60173044,116,3.45981500,22840.47341084,0
1538472240000,6600.94000000,6601.86000000,6598.24000000,6599.02000000,5.48428800,1538472299999,36192.52682312,50,1.22199300,8066.94368374,0
1538472300000,6601.00000000,6601.00000000,6599.02000000,6600.03000000,7.23897900,1538472359999,47780.63413525,120,5.03389400,33227.17876592,0
1538472360000,6600.95000000,6601.00000000,6596.86000000,6598.14000000,5.60480500,1538472419999,36988.18563401,92,2.01189600,13278.35997163,0
1538472420000,6598.09000000,6600.03000000,6596.07000000,6597.24000000,15.64061600,1538472479999,103186.65347878,68,13.06233400,86178.04367089,0
1538472480000,6598.61000000,6599.97000000,6596.86000000,6597.19000000,29.74511400,1538472539999,196233.61803905,117,6.12697200,40420.55094522,0
1538472540000,6597.04000000,6597.19000000,6594.96000000,6596.01000000,11.22876500,1538472599999,74069.61784254,111,4.51216000,29766.16601301,0
1538472600000,6597.00000000,6599.47000000,6596.01000000,6598.30000000,11.45810900,1538472659999,75593.19953164,71,10.34710300,68264.22229413,0
1538472660000,6597.37000000,6599.27000000,6595.95000000,6599.21000000,12.10870700,1538472719999,79879.26368577,117,5.09970900,33647.07899786,0
1538472720000,6596.09000000,6599.27000000,6596.09000000,6599.25000000,7.44226200,1538472779999,49101.29687018,69,2.77565800,18315.11985903,0
1538472780000,6599.22000000,6599.22000000,6597.00000000,6597.41000000,25.37311600,1538472839999,167396.29792372,109,9.36995300,61822.53283428,0
1538472840000,6597.21000000,6598.88000000,6596.00000000,6598.87000000,28.22903600,1538472899999,186217.87169069,101,15.77297900,104053.41368117,0
1538472900000,6598.87000000,6598.88000000,6596.01000000,6596.03000000,5.56186000,1538472959999,36695.14313254,73,3.57005500,23556.03111619,0
1538472960000,6596.02000000,6597.94000000,6585.03000000,6595.14000000,32.51402300,1538473019999,214277.74624550,270,17.84628400,117607.30156152,0
1538473020000,6597.81000000,6597.94000000,6592.05000000,6593.18000000,37.87379500,1538473079999,249755.97987441,173,24.37566700,160745.09143245,0
1538473080000,6593.18000000,6595.38000000,6589.44000000,6589.48000000,29.60150200,1538473139999,195171.37011356,82,25.71329300,169540.53646743,0
1538473140000,6592.74000000,6592.95000000,6589.48000000,6590.01000000,60.57089700,1538473199999,399163.56200876,108,47.56671700,313465.84218837,0
1538473200000,6590.01000000,6590.95000000,6585.35000000,6585.72000000,54.56490200,1538473259999,359434.20694283,127,8.46750200,55770.63924858,0
1538473260000,6586.03000000,6587.73000000,6585.35000000,6586.00000000,21.74637400,1538473319999,143230.36224027,163,13.04197000,85901.40031922,0
1538473320000,6586.01000000,6587.73000000,6586.01000000,6587.73000000,17.01514700,1538473379999,112078.56296215,130,12.43203300,81891.89328872,0
1538473380000,6587.37000000,6587.73000000,6585.03000000,6585.04000000,11.64786400,1538473439999,76719.44510065,150,4.46806200,29431.64353157,0
1538473440000,6585.03000000,6585.55000000,6578.00000000,6582.07000000,41.11212900,1538473499999,270553.96912393,269,11.08099600,72926.74972523,0
1538473500000,6582.07000000,6585.06000000,6582.02000000,6582.87000000,10.67092500,1538473559999,70263.30633748,84,8.45735800,55690.65222287,0
1538473560000,6585.04000000,6585.05000000,6582.88000000,6583.70000000,10.63300200,1538473619999,70006.02058487,115,3.46275900,22800.48496336,0
1538473620000,6583.71000000,6587.73000000,6583.62000000,6585.41000000,5.99597000,1538473679999,39481.77572715,90,3.65554600,24072.14136492,0
1538473680000,6585.43000000,6586.75000000,6583.00000000,6583.00000000,12.00182600,1538473739999,79024.82845114,115,2.37892100,15663.33528277,0
1538473740000,6583.00000000,6587.72000000,6583.00000000,6585.09000000,6.58424300,1538473799999,43356.69226714,82,2.52368900,16621.68491256,0
1538473800000,6585.09000000,6587.72000000,6585.03000000,6585.22000000,7.85287100,1538473859999,51718.23179033,116,2.76814500,18233.42795778,0
1538473860000,6586.02000000,6589.77000000,6585.22000000,6586.13000000,8.74899400,1538473919999,57635.06647986,77,5.63350000,37110.91370372,0
1538473920000,6586.13000000,6588.73000000,6583.00000000,6586.83000000,17.03810000,1538473979999,112202.61854608,72,2.22822400,14677.93275442,0
1538473980000,6584.02000000,6588.40000000,6583.00000000,6587.56000000,26.27189700,1538474039999,173039.17758998,102,20.31753200,133827.22191209,0
1538474040000,6586.22000000,6588.14000000,6583.98000000,6584.03000000,11.71800400,1538474099999,77189.52437617,73,9.65652800,63615.09119661,0
1538474100000,6586.89000000,6586.89000000,6584.00000000,6584.00000000,58.59991700,1538474159999,385876.20050871,115,37.81933400,249051.12806717,0
1538474160000,6584.23000000,6585.23000000,6583.02000000,6585.23000000,50.75262800,1538474219999,334180.60500987,134,38.87820900,255998.10079996,0
1538474220000,6583.82000000,6584.62000000,6581.14000000,6581.14000000,32.60960700,1538474279999,214694.94851849,121,23.18826200,152675.83682136,0
1538474280000,6581.14000000,6582.01000000,6580.00000000,6581.64000000,3.80997500,1538474339999,25074.80419722,83,2.86975100,18887.36069078,0
1538474340000,6580.00000000,6582.08000000,6578.17000000,6581.98000000,19.45538800,1538474399999,128026.18932455,135,8.71041300,57322.01280007,0
1538474400000,6580.11000000,6582.01000000,6578.17000000,6580.49000000,9.20986200,1538474459999,60600.06293345,140,5.26235100,34629.28959966,0
1538474460000,6580.48000000,6581.83000000,6578.38000000,6581.49000000,31.22083100,1538474519999,205403.24939998,115,7.60525700,50046.47095105,0
1538474520000,6578.45000000,6584.36000000,6578.16000000,6578.16000000,31.83709800,1538474579999,209514.92101769,150,6.99488100,46044.33948581,0
1538474580000,6584.21000000,6584.21000000,6577.20000000,6579.34000000,31.15578300,1538474639999,204949.25228662,113,3.33659300,21958.84556684,0
1538474640000,6583.34000000,6585.00000000,6579.43000000,6582.17000000,6.85821800,1538474699999,45144.04945151,139,3.79264200,24969.01202286,0
1538474700000,6581.09000000,6585.00000000,6580.00000000,6584.99000000,9.08272900,1538474759999,59801.51317604,119,7.01297300,46175.68625815,0
1538474760000,6584.99000000,6589.16000000,6582.30000000,6589.16000000,10.31484300,1538474819999,67919.49487707,89,6.06840100,39960.73692093,0
1538474820000,6589.14000000,6589.14000000,6583.88000000,6587.97000000,1.66092600,1538474879999,10939.11029144,37,0.78076500,5143.74743814,0
1538474880000,6584.80000000,6589.82000000,6584.80000000,6589.77000000,5.30721200,1538474939999,34965.12210656,81,2.94296400,19389.70161642,0
1538474940000,6589.11000000,6589.76000000,6581.11000000,6585.16000000,15.18259300,1538474999999,99962.53938341,91,2.05443900,13531.67973178,0
1538475000000,6584.99000000,6586.12000000,6581.32000000,6581.80000000,7.74013600,1538475059999,50950.25315898,56,4.30369400,28328.54903539,0
1538475060000,6581.85000000,6584.44000000,6579.36000000,6581.52000000,50.78436300,1538475119999,334206.22365466,136,25.08879500,165119.31389236,0
1538475120000,6580.46000000,6583.32000000,6579.03000000,6579.07000000,40.21370600,1538475179999,264602.09497055,118,25.86241600,170179.13529722,0
1538475180000,6579.52000000,6583.00000000,6579.02000000,6580.00000000,40.69301900,1538475239999,267745.88318488,98,34.09646500,224345.12564649,0
1538475240000,6580.00000000,6580.00000000,6578.06000000,6578.55000000,42.71789900,1538475299999,281041.34622256,107,33.39635000,219718.71270104,0
1538475300000,6578.49000000,6580.00000000,6578.00000000,6578.03000000,56.62569700,1538475359999,372515.86970413,145,31.41053000,206648.76681506,0
1538475360000,6579.37000000,6579.92000000,6570.77000000,6570.77000000,75.56010000,1538475419999,496971.75485086,262,25.13809800,165372.65776103,0
1538475420000,6570.98000000,6578.47000000,6560.00000000,6578.36000000,92.70052300,1538475479999,608714.49151585,553,36.07425000,236934.50769766,0
1538475480000,6574.09000000,6578.36000000,6569.58000000,6572.52000000,7.37568300,1538475539999,48474.29527679,131,3.52060400,23139.40002437,0
1538475540000,6572.52000000,6579.99000000,6572.52000000,6579.36000000,14.63007800,1538475599999,96217.77292004,96,11.01050400,72411.69481113,0
1538475600000,6579.39000000,6579.99000000,6574.14000000,6579.00000000,10.64315300,1538475659999,70011.23562444,92,2.38820500,15710.78108993,0
1538475660000,6579.30000000,6584.93000000,6579.02000000,6584.90000000,5.37921700,1538475719999,35406.05470835,77,3.55095400,23372.13791763,0
1538475720000,6584.88000000,6584.88000000,6579.44000000,6580.08000000,3.68781400,1538475779999,24271.63650955,58,1.56405800,10295.71819186,0
1538475780000,6581.88000000,6584.87000000,6580.08000000,6583.14000000,5.24074000,1538475839999,34495.16878215,79,3.61141600,23772.41025241,0
1538475840000,6583.15000000,6590.00000000,6583.11000000,6586.19000000,5.61059400,1538475899999,36949.17046997,121,2.84518000,18738.08141642,0
1538475900000,6585.20000000,6590.94000000,6585.20000000,6587.03000000,8.36697800,1538475959999,55124.71097117,96,3.82506100,25199.67132222,0
1538475960000,6587.03000000,6587.03000000,6581.26000000,6581.32000000,54.91906500,1538476019999,361675.46854860,109,31.67072800,208585.90054493,0
1538476020000,6582.24000000,6585.99000000,6581.32000000,6585.75000000,39.79419600,1538476079999,261943.85662843,74,20.92320100,137735.22600911,0
1538476080000,6584.99000000,6585.00000000,6582.15000000,6585.00000000,14.84702700,1538476139999,97755.57943431,31,6.89261000,45386.62055500,0
1538476140000,6585.00000000,6586.00000000,6583.58000000,6586.00000000,42.12502900,1538476199999,277357.49496987,63,20.69993400,136302.71974092,0
1538476200000,6585.48000000,6588.99000000,6584.96000000,6587.76000000,5.45149800,1538476259999,35909.65923371,93,3.24949300,21404.57526883,0
1538476260000,6587.75000000,6592.01000000,6587.75000000,6589.47000000,18.84602200,1538476319999,124207.81187320,84,16.07239300,105934.69736150,0
1538476320000,6589.51000000,6593.50000000,6589.51000000,6593.45000000,10.04994600,1538476379999,66252.98211642,87,5.46532000,36031.71230363,0
1538476380000,6591.08000000,6593.50000000,6582.50000000,6582.54000000,9.96492400,1538476439999,65663.19638968,101,5.10121900,33618.09006297,0
1538476440000,6582.90000000,6592.65000000,6582.55000000,6589.40000000,10.92108600,1538476499999,71963.19002194,90,9.67446800,63750.51396842,0
1538476500000,6589.37000000,6590.94000000,6586.01000000,6586.37000000,8.85146500,1538476559999,58312.42983816,76,1.72393900,11359.49830665,0
1538476560000,6586.41000000,6592.45000000,6586.39000000,6591.58000000,11.76408100,1538476619999,77519.21810920,126,5.77048000,38025.32852018,0
1538476620000,6591.53000000,6593.26000000,6589.51000000,6591.94000000,11.23680200,1538476679999,74059.27182308,93,7.08792900,46717.03149881,0
1538476680000,6589.97000000,6593.26000000,6587.22000000,6589.00000000,6.55924600,1538476739999,43227.30135860,79,2.73881400,18049.92117087,0
1538476740000,6589.78000000,6595.00000000,6589.00000000,6591.53000000,13.33718800,1538476799999,87913.29888945,114,8.47841600,55890.14796896,0
1538476800000,6591.55000000,6591.55000000,6589.02000000,6591.52000000,27.79795200,1538476859999,183226.64019016,86,8.76468400,57771.93283344,0
1538476860000,6591.51000000,6591.52000000,6587.27000000,6591.43000000,25.94559200,1538476919999,170996.63748610,123,10.24665500,67533.96897308,0
1538476920000,6591.41000000,6591.41000000,6587.28000000,6589.63000000,4.95182900,1538476979999,32625.78438078,64,2.09916000,13833.56745702,0
1538476980000,6587.33000000,6589.60000000,6587.27000000,6588.98000000,5.96524400,1538477039999,39298.56991094,108,2.75306600,18138.77057571,0
1538477040000,6587.01000000,6599.00000000,6587.01000000,6595.91000000,26.47832400,1538477099999,174584.41487367,199,21.44331900,141390.98595829,0
1538477100000,6595.91000000,6599.00000000,6595.28000000,6597.79000000,8.33212900,1538477159999,54966.56901839,94,5.17468500,34140.72670594,0
1538477160000,6597.75000000,6599.72000000,6591.25000000,6596.23000000,20.57515600,1538477219999,135744.58616713,101,9.56922800,63133.02271591,0
1538477220000,6596.23000000,6597.14000000,6591.84000000,6594.91000000,3.50715400,1538477279999,23124.40845705,30,1.00579500,6634.52386221,0
1538477280000,6594.85000000,6595.84000000,6587.82000000,6592.21000000,8.96555200,1538477339999,59096.47513152,91,4.57140100,30132.77183826,0
1538477340000,6588.17000000,6596.49000000,6588.16000000,6596.42000000,7.05844100,1538477399999,46521.23438235,81,4.87611300,32143.19495104,0
1538477400000,6596.45000000,6597.15000000,6592.11000000,6597.12000000,7.05101800,1538477459999,46505.71138553,85,4.23889000,27960.42194930,0
1538477460000,6595.16000000,6597.12000000,6590.22000000,6593.29000000,5.96173500,1538477519999,39303.14223502,80,3.54880500,23396.96055175,0
1538477520000,6593.29000000,6595.87000000,6593.29000000,6595.87000000,15.01791700,1538477579999,99043.57490689,123,8.62433100,56878.06206240,0
1538477580000,6596.42000000,6596.99000000,6595.00000000,6595.00000000,24.22865800,1538477639999,159819.93227815,147,5.85990000,38654.52362772,0
1538477640000,6595.00000000,6596.99000000,6595.00000000,6595.99000000,9.68521400,1538477699999,63878.68316781,119,6.18656900,40804.13212979,0
1538477700000,6595.51000000,6596.00000000,6595.00000000,6595.03000000,8.30953700,1538477759999,54803.66142003,78,3.26216000,21516.16902159,0
1538477760000,6595.02000000,6596.48000000,6595.00000000,6595.00000000,10.26015300,1538477819999,67667.81988458,133,2.96114600,19530.21727871,0
1538477820000,6595.00000000,6595.00000000,6588.00000000,6588.00000000,5.91893500,1538477879999,39010.03484533,87,1.87928800,12385.92285794,0
1538477880000,6590.00000000,6590.00000000,6588.01000000,6588.02000000,4.05331100,1538477939999,26705.35482039,75,1.98125000,13054.26439131,0
1538477940000,6588.02000000,6592.17000000,6588.02000000,6590.99000000,11.31052800,1538477999999,74531.53912999,73,8.22192000,54183.36308687,0
1538478000000,6590.99000000,6594.32000000,6588.91000000,6591.00000000,16.90549500,1538478059999,111401.75534224,136,10.27545000,67714.46016455,0
1538478060000,6591.00000000,6591.00000000,6588.62000000,6588.62000000,7.22924000,1538478119999,47634.78035699,75,1.79507400,11829.28385732,0
1538478120000,6588.78000000,6590.95000000,6588.63000000,6588.76000000,4.77504000,1538478179999,31464.83339675,70,3.28564000,21650.78640367,0
1538478180000,6589.80000000,6590.90000000,6585.01000000,6585.05000000,10.17573000,1538478239999,67029.15846117,125,4.02425500,26510.60004574,0
1538478240000,6585.01000000,6585.05000000,6582.51000000,6582.51000000,28.42407900,1538478299999,187157.25884701,72,4.93608100,32502.75116069,0
1538478300000,6583.00000000,6585.00000000,6582.00000000,6584.99000000,31.95657200,1538478359999,210356.33285065,103,6.77824100,44621.30734774,0
1538478360000,6585.00000000,6585.00000000,6580.99000000,6581.03000000,42.08451500,1538478419999,277003.28819335,92,7.24477500,47684.68660829,0
1538478420000,6581.03000000,6587.00000000,6581.03000000,6585.60000000,14.32777600,1538478479999,94329.72011982,77,5.56400600,36636.25377410,0
1538478480000,6585.60000000,6587.35000000,6583.66000000,6587.28000000,3.55537900,1538478539999,23412.68802420,44,1.26030100,8300.43615367,0
1538478540000,6585.05000000,6587.30000000,6583.00000000,6583.00000000,6.61538300,1538478599999,43566.87682834,68,2.57252600,16944.00123167,0
1538478600000,6583.05000000,6585.84000000,6582.20000000,6585.84000000,6.33837600,1538478659999,41725.53705986,38,5.46457800,35973.52785275,0
1538478660000,6585.84000000,6588.55000000,6585.84000000,6588.39000000,7.36315200,1538478719999,48503.47902008,57,5.13581000,33832.81375409,0
1538478720000,6586.24000000,6588.38000000,6583.05000000,6584.91000000,11.49569300,1538478779999,75701.53093275,111,5.34998000,35229.35279342,0
1538478780000,6585.00000000,6588.39000000,6579.00000000,6581.04000000,14.75122700,1538478839999,97112.08842105,120,9.53877400,62803.33965976,0
1538478840000,6581.04000000,6582.23000000,6579.01000000,6580.00000000,20.69873600,1538478899999,136194.45527637,132,18.16459100,119521.51467847,0
1538478900000,6579.92000000,6580.00000000,6579.84000000,6579.91000000,8.01399300,1538478959999,52731.74490765,99,6.03620200,39718.09260412,0
1538478960000,6579.95000000,6580.00000000,6579.90000000,6579.95000000,5.87044800,1538479019999,38627.25721019,94,3.02384600,19896.83648535,0
1538479020000,6579.96000000,6580.00000000,6577.52000000,6580.00000000,8.56035500,1538479079999,56319.84438914,101,4.03322600,26537.85748056,0
1538479080000,6579.02000000,6580.00000000,6578.01000000,6579.68000000,16.51627700,1538479139999,108671.29462414,117,14.21935100,93561.38651251,0
1538479140000,6580.00000000,6580.10000000,6579.15000000,6580.08000000,10.93442000,1538479199999,71947.67286642,113,8.68788500,57166.06757034,0
1538479200000,6580.04000000,6580.08000000,6577.86000000,6577.86000000,15.45021000,1538479259999,101636.20906669,134,8.75395300,57586.52950213,0
1538479260000,6578.03000000,6578.03000000,6574.15000000,6575.00000000,19.52359400,1538479319999,128391.99938401,182,8.42686900,55420.30337499,0
1538479320000,6575.00000000,6578.03000000,6574.14000000,6575.14000000,10.45780000,1538479379999,68763.76825554,115,7.19904500,47337.83913104,0
1538479380000,6577.99000000,6577.99000000,6575.15000000,6576.01000000,3.88659500,1538479439999,25558.84258273,89,1.89674700,12474.33379843,0
1538479440000,6575.16000000,6577.88000000,6575.15000000,6575.27000000,29.58636600,1538479499999,194558.11292023,63,4.85278600,31916.37302978,0
1538479500000,6575.27000000,6577.07000000,6573.43000000,6574.01000000,67.24715800,1538479559999,442129.17612622,108,17.90653800,117743.60366514,0
1538479560000,6576.01000000,6588.00000000,6573.43000000,6588.00000000,66.68860800,1538479619999,438674.40467832,111,49.80593500,327639.68572079,0
1538479620000,6585.54000000,6587.99000000,6579.39000000,6584.98000000,35.65664500,1538479679999,234679.67550616,89,4.31498700,28406.95856557,0
1538479680000,6581.25000000,6587.23000000,6581.22000000,6586.12000000,13.08309500,1538479739999,86118.32338191,91,4.36122200,28715.53436378,0
1538479740000,6586.11000000,6588.00000000,6581.99000000,6587.96000000,5.71554100,1538479799999,37646.13167388,99,2.85356100,18796.52650299,0
1538479800000,6587.04000000,6587.92000000,6582.17000000,6585.00000000,10.99748700,1538479859999,72421.89449724,90,4.89990100,32271.62165879,0
1538479860000,6582.82000000,6585.00000000,6579.40000000,6585.00000000,22.94909900,1538479919999,151074.47821845,108,7.21280600,47492.98145960,0
1538479920000,6581.02000000,6585.00000000,6581.02000000,6581.10000000,5.71002800,1538479979999,37587.51059261,89,3.94482000,25969.10994388,0
1538479980000,6582.00000000,6582.00000000,6580.00000000,6581.10000000,6.27582700,1538480039999,41301.02782464,122,3.48779800,22953.95043890,0
1538480040000,6581.10000000,6582.00000000,6580.02000000,6581.01000000,9.25621600,1538480099999,60919.35763287,97,7.76657300,51116.73906674,0
1538480100000,6582.00000000,6582.00000000,6580.02000000,6582.00000000,6.61205300,1538480159999,43519.41901998,126,5.36607700,35318.95946653,0
1538480160000,6582.00000000,6582.00000000,6581.97000000,6581.99000000,13.58846600,1538480219999,89439.11401157,137,6.86124500,45160.67541412,0
1538480220000,6581.99000000,6582.00000000,6581.97000000,6582.00000000,9.03660200,1538480279999,59478.81430872,75,3.91372200,25760.08809754,0
1538480280000,6581.99000000,6582.00000000,6573.00000000,6575.01000000,22.91704600,1538480339999,150781.72864678,188,4.63659500,30495.83606031,0
1538480340000,6576.32000000,6577.63000000,6573.00000000,6575.00000000,6.17317800,1538480399999,40584.99019721,87,1.97274000,12971.82854430,0
1538480400000,6574.00000000,6577.88000000,6573.00000000,6577.01000000,8.89595000,1538480459999,58492.44246987,106,6.50822500,42793.37029783,0
1538480460000,6577.44000000,6578.99000000,6575.01000000,6575.05000000,4.51439900,1538480519999,29686.60096243,98,1.73251700,11394.49627218,0
1538480520000,6575.06000000,6576.60000000,6571.25000000,6571.25000000,16.93585600,1538480579999,111333.00118867,183,7.01197000,46095.56198628,0
1538480580000,6572.00000000,6574.99000000,6571.27000000,6574.97000000,7.56060700,1538480639999,49691.86833690,62,6.39225200,42013.63864517,0
1538480640000,6572.40000000,6578.99000000,6572.40000000,6576.93000000,13.44562300,1538480699999,88406.78250394,123,9.99677900,65732.46560993,0
1538480700000,6578.85000000,6578.85000000,6573.87000000,6575.41000000,7.50931200,1538480759999,49387.37580480,81,5.37069100,35325.58366640,0
1538480760000,6575.42000000,6578.61000000,6573.90000000,6576.46000000,15.51605400,1538480819999,102039.63932742,59,5.06599700,33316.28201659,0
1538480820000,6576.44000000,6578.50000000,6574.19000000,6576.48000000,52.01684800,1538480879999,342104.76558202,65,18.67934900,122862.61449071,0
1538480880000,6578.34000000,6578.34000000,6574.30000000,6574.31000000,32.29876000,1538480939999,212402.59364386,89,20.84747300,137096.22216087,0
1538480940000,6574.65000000,6575.00000000,6574.26000000,6575.00000000,4.99203400,1538480999999,32820.95578920,94,3.23636200,21278.41690727,0
1538481000000,6575.00000000,6575.00000000,6574.54000000,6575.00000000,9.53630100,1538481059999,62699.43436051,108,7.09949100,46678.49511265,0
1538481060000,6574.78000000,6575.00000000,6574.52000000,6575.00000000,7.52923600,1538481119999,49502.55376562,96,4.81034300,31627.05832056,0
1538481120000,6574.78000000,6575.00000000,6574.56000000,6575.00000000,27.87690800,1538481179999,183283.37693643,87,17.39770600,114386.64472470,0
1538481180000,6575.00000000,6575.00000000,6572.65000000,6572.92000000,40.32255500,1538481239999,265058.47409574,129,22.48953700,147829.54441692,0
1538481240000,6572.92000000,6572.92000000,6571.00000000,6572.56000000,41.84621900,1538481299999,275038.29930289,115,35.34142400,232289.96782925,0
1538481300000,6572.72000000,6572.92000000,6571.00000000,6572.39000000,34.27377600,1538481359999,225236.00068241,78,11.54363400,75865.58289403,0
1538481360000,6572.39000000,6573.02000000,6570.33000000,6570.33000000,40.28487200,1538481419999,264748.18390012,155,22.19989100,145892.82438686,0
1538481420000,6570.33000000,6571.66000000,6570.00000000,6570.98000000,32.43349200,1538481479999,213115.67558201,132,24.93033400,163817.92091968,0
1538481480000,6570.33000000,6572.98000000,6570.33000000,6572.98000000,45.53181600,1538481539999,299232.38736451,100,44.61423000,293202.65142680,0
1538481540000,6572.67000000,6572.98000000,6571.43000000,6572.01000000,37.08641400,1538481599999,243745.84031214,102,17.50997900,115082.87723763,0
1538481600000,6572.48000000,6572.48000000,6570.51000000,6572.35000000,19.47213200,1538481659999,127973.97505766,137,7.67168800,50420.46194407,0
1538481660000,6572.32000000,6572.98000000,6565.97000000,6565.97000000,15.39944300,1538481719999,101174.98167447,190,4.87686800,32043.37125174,0
1538481720000,6565.97000000,6566.96000000,6560.24000000,6564.70000000,16.16883200,1538481779999,106118.75479484,189,6.54264400,42943.99084528,0
1538481780000,6560.11000000,6562.81000000,6553.00000000,6555.01000000,66.63671500,1538481839999,437025.38309131,303,18.36183400,120403.44885464,0
1538481840000,6558.95000000,6569.82000000,6555.00000000,6568.03000000,65.62682900,1538481899999,430588.94210082,189,52.79008600,346342.78150299,0
1538481900000,6567.33000000,6568.85000000,6563.76000000,6568.77000000,17.01735900,1538481959999,111760.67545152,90,11.51853700,75653.39578380,0
1538481960000,6566.16000000,6568.76000000,6566.00000000,6566.24000000,30.64095500,1538482019999,201208.16969558,108,18.81890000,123579.72235846,0
1538482020000,6567.12000000,6567.99000000,6566.00000000,6567.01000000,32.32229000,1538482079999,212256.17403997,85,17.46855100,114719.53283330,0
1538482080000,6567.99000000,6570.95000000,6567.00000000,6570.95000000,60.87102800,1538482139999,399821.99631484,122,30.48023000,200224.01910920,0
1538482140000,6569.41000000,6575.00000000,6569.41000000,6575.00000000,72.40795100,1538482199999,475855.26262097,108,36.34645300,238899.18197345,0
1538482200000,6575.00000000,6576.48000000,6573.00000000,6575.10000000,45.63436800,1538482259999,300094.38431816,74,35.47534700,233285.27914256,0
1538482260000,6575.10000000,6576.48000000,6573.45000000,6575.35000000,42.04134000,1538482319999,276436.38593873,62,16.22063800,106665.27082535,0
1538482320000,6575.35000000,6576.00000000,6575.01000000,6575.22000000,5.33079300,1538482379999,35051.64826004,52,2.16898300,14262.60235462,0
1538482380000,6575.20000000,6575.21000000,6574.01000000,6574.77000000,10.77415400,1538482439999,70838.24880679,77,7.94043600,52206.59112602,0
1538482440000,6574.39000000,6576.85000000,6574.01000000,6576.48000000,15.13142200,1538482499999,99499.29546363,104,13.40214500,88127.86019623,0
1538482500000,6574.80000000,6580.00000000,6574.00000000,6576.76000000,24.33762900,1538482559999,160034.02787387,136,6.12689900,40298.29261892,0
1538482560000,6576.84000000,6580.00000000,6576.78000000,6579.04000000,10.75878800,1538482619999,70774.68337152,95,5.33660400,35109.76112261,0
1538482620000,6579.05000000,6580.00000000,6577.47000000,6580.00000000,11.27171900,1538482679999,74161.27681646,124,7.65191200,50345.73414648,0
1538482680000,6579.27000000,6580.00000000,6578.00000000,6578.00000000,25.64928000,1538482739999,168762.74859112,117,11.80819000,77695.82203251,0
1538482740000,6578.94000000,6587.07000000,6578.94000000,6584.41000000,74.76239300,1538482799999,491963.76959960,178,72.63696500,477978.00310256,0
1538482800000,6585.27000000,6592.32000000,6584.41000000,6588.52000000,50.24863100,1538482859999,331056.18536763,228,26.33815800,173529.99794782,0
1538482860000,6589.74000000,6594.58000000,6585.07000000,6588.68000000,27.73196800,1538482919999,182707.21561889,114,4.65805200,30690.68409905,0
1538482920000,6593.67000000,6598.99000000,6589.00000000,6592.20000000,29.44609600,1538482979999,194123.67538320,211,18.20949000,120064.25491000,0
1538482980000,6592.26000000,6600.00000000,6592.26000000,6596.84000000,15.42723700,1538483039999,101796.50400757,114,12.44018900,82088.77746537,0
1538483040000,6599.96000000,6599.96000000,6594.52000000,6594.67000000,27.99132600,1538483099999,184685.63193019,154,16.15698700,106611.97803019,0
1538483100000,6597.97000000,6597.97000000,6592.45000000,6595.22000000,54.94482300,1538483159999,362284.23850002,111,28.28849400,186537.89324739,0
1538483160000,6595.21000000,6600.00000000,6592.84000000,6594.07000000,29.00965200,1538483219999,191333.68669788,72,20.50442900,135259.68433272,0
1538483220000,6595.18000000,6597.67000000,6586.43000000,6586.96000000,37.27543800,1538483279999,245667.16284041,151,16.56424600,109179.14876802,0
1538483280000,6586.99000000,6599.00000000,6586.96000000,6592.03000000,31.71709900,1538483339999,209108.43102754,118,23.91625900,157699.73711681,0
1538483340000,6592.03000000,6594.49000000,6589.20000000,6589.89000000,19.16067300,1538483399999,126310.14096313,93,5.44960100,35929.84923812,0
1538483400000,6593.87000000,6593.87000000,6586.55000000,6589.63000000,7.89659900,1538483459999,52038.01582017,74,5.12824700,33795.05793136,0
1538483460000,6589.63000000,6592.97000000,6587.40000000,6588.13000000,12.36204000,1538483519999,81455.30068059,98,9.43596000,62176.90015880,0
1538483520000,6588.15000000,6591.79000000,6587.45000000,6587.58000000,13.57344800,1538483579999,89421.36510445,68,2.43726700,16061.23789103,0
1538483580000,6587.46000000,6592.73000000,6587.45000000,6588.19000000,9.92761600,1538483639999,65421.03859680,96,5.71451800,37657.55514155,0
1538483640000,6588.19000000,6592.70000000,6588.00000000,6592.02000000,26.30328800,1538483699999,173330.42717935,117,12.58246600,82923.24140586,0
1538483700000,6592.03000000,6595.00000000,6588.17000000,6590.01000000,32.38170100,1538483759999,213402.83751656,74,11.22030100,73943.11554197,0
1538483760000,6590.01000000,6594.76000000,6588.21000000,6590.47000000,28.63921900,1538483819999,188716.39488244,78,15.83714500,104367.48039547,0
1538483820000,6591.02000000,6594.85000000,6591.02000000,6592.70000000,70.39406400,1538483879999,464174.93179270,115,54.82151900,361491.73073720,0
1538483880000,6592.70000000,6597.14000000,6591.96000000,6593.75000000,35.25367500,1538483939999,232472.63507049,144,9.24467000,60967.06677717,0
1538483940000,6597.06000000,6597.07000000,6589.58000000,6590.63000000,62.37234200,1538483999999,411343.04254738,120,38.92791700,256748.50126128,0
1538484000000,6590.68000000,6594.00000000,6590.68000000,6591.68000000,49.02197700,1538484059999,323114.79834941,84,11.84230200,78067.37319856,0
1538484060000,6591.68000000,6595.93000000,6590.85000000,6591.04000000,10.47092000,1538484119999,69035.10498069,122,6.27752800,41384.46647984,0
1538484120000,6591.03000000,6593.79000000,6591.03000000,6591.54000000,6.95695200,1538484179999,45862.09738372,122,3.89975600,25709.12617427,0
1538484180000,6591.53000000,6597.00000000,6585.98000000,6585.98000000,36.58530500,1538484239999,241140.11916398,182,7.17661400,47323.07213325,0
1538484240000,6585.98000000,6590.77000000,6579.76000000,6581.37000000,24.39340500,1538484299999,160536.82740385,172,7.86221000,51751.82864916,0
1538484300000,6582.68000000,6584.18000000,6578.00000000,6583.94000000,5.44707800,1538484359999,35845.71829360,61,1.48678900,9787.51830036,0
1538484360000,6581.18000000,6590.00000000,6581.18000000,6585.83000000,3.51810200,1538484419999,23168.83440747,81,2.60018700,17124.95993476,0
1538484420000,6585.85000000,6589.99000000,6583.50000000,6583.55000000,5.83247600,1538484479999,38418.86673189,81,3.60386400,23739.75750132,0
1538484480000,6584.01000000,6587.03000000,6584.00000000,6584.17000000,7.49882600,1538484539999,49381.40556527,62,4.33954500,28578.58402782,0
1538484540000,6586.98000000,6588.75000000,6584.36000000,6587.41000000,5.14794500,1538484599999,33910.81517653,82,1.66938300,10996.87732604,0
1538484600000,6588.07000000,6588.76000000,6574.03000000,6574.03000000,18.43467600,1538484659999,121310.18028371,126,4.24624000,27946.40702274,0
1538484660000,6574.05000000,6584.38000000,6574.05000000,6578.51000000,6.76756100,1538484719999,44508.68430064,66,3.98701500,26227.37362591,0
1538484720000,6581.45000000,6584.15000000,6579.71000000,6582.03000000,4.57158500,1538484779999,30092.15036809,61,2.06568600,13598.43404361,0
1538484780000,6582.02000000,6586.82000000,6582.02000000,6585.01000000,8.14502700,1538484839999,53630.54411623,98,4.18357800,27547.44223668,0
1538484840000,6585.00000000,6586.62000000,6582.09000000,6584.41000000,12.46914000,1538484899999,82108.70546055,87,5.69508200,37504.41718804,0
1538484900000,6584.41000000,6585.38000000,6582.09000000,6582.09000000,27.22712100,1538484959999,179252.20639506,120,14.82548100,97610.45772968,0
1538484960000,6582.08000000,6584.73000000,6574.00000000,6577.03000000,79.46821300,1538485019999,522709.83681607,104,51.13214100,336244.75876243,0
1538485020000,6581.97000000,6582.02000000,6578.38000000,6581.26000000,18.95358700,1538485079999,124733.53907811,60,12.24151100,80562.66396846,0
1538485080000,6581.97000000,6582.00000000,6580.00000000,6581.97000000,30.46320300,1538485139999,200495.47801429,93,23.05345000,151730.48493025,0
1538485140000,6581.99000000,6582.00000000,6577.27000000,6577.68000000,7.43625600,1538485199999,48928.92833604,89,3.48662900,22943.07613167,0
1538485200000,6577.78000000,6581.59000000,6571.64000000,6572.61000000,27.95752500,1538485259999,183851.28892583,181,8.26059700,54328.35872801,0
1538485260000,6572.61000000,6574.80000000,6572.32000000,6572.59000000,5.67410700,1538485319999,37295.23566312,106,2.74426900,18038.62125523,0
1538485320000,6573.63000000,6576.00000000,6572.58000000,6572.83000000,10.65149900,1538485379999,70024.21065942,89,8.60978600,56604.51573443,0
1538485380000,6572.83000000,6574.43000000,6572.00000000,6572.00000000,32.20219500,1538485439999,211657.37322101,100,18.45462100,121301.32421986,0
1538485440000,6572.60000000,6572.60000000,6571.01000000,6572.51000000,20.56509700,1538485499999,135151.54692712,153,11.89683700,78187.65880418,0
1538485500000,6572.26000000,6575.87000000,6572.00000000,6572.10000000,122.46034200,1538485559999,805098.71003313,111,119.07070900,782821.99175913,0
1538485560000,6575.44000000,6575.87000000,6571.00000000,6574.00000000,29.64726500,1538485619999,194903.39640022,108,17.58567600,115631.77879222,0
1538485620000,6573.99000000,6573.99000000,6571.51000000,6571.52000000,22.32933300,1538485679999,146763.80578212,144,13.99500100,91987.61437122,0
1538485680000,6571.51000000,6573.51000000,6571.46000000,6573.01000000,29.59438800,1538485739999,194502.86445954,98,24.07402700,158222.91034703,0
1538485740000,6572.00000000,6573.96000000,6571.00000000,6571.17000000,12.31139800,1538485799999,80911.70155080,75,9.64247900,63372.48743055,0
1538485800000,6573.25000000,6575.00000000,6570.16000000,6570.58000000,27.72372700,1538485859999,182210.00341204,120,19.76610100,129908.28705964,0
1538485860000,6574.77000000,6574.77000000,6570.61000000,6572.50000000,14.11702900,1538485919999,92778.30686044,58,10.40907100,68413.86193748,0
1538485920000,6573.97000000,6574.97000000,6572.50000000,6573.97000000,61.74168800,1538485979999,405843.26656925,115,13.70213100,90077.30635757,0
1538485980000,6572.76000000,6575.00000000,6572.76000000,6574.00000000,31.37870500,1538486039999,206281.57844861,108,19.13025000,125766.63607464,0
1538486040000,6573.24000000,6575.00000000,6573.14000000,6574.90000000,38.40521900,1538486099999,252484.53798319,107,29.45457000,193645.63507510,0
1538486100000,6574.04000000,6575.87000000,6574.04000000,6575.87000000,69.87466100,1538486159999,459451.31342276,120,36.55889200,240395.28006536,0
1538486160000,6575.60000000,6582.86000000,6575.33000000,6582.81000000,139.24579400,1538486219999,915786.41396261,139,117.81153600,774816.29567786,0
1538486220000,6582.81000000,6585.00000000,6581.36000000,6581.37000000,6.88755500,1538486279999,45338.42113278,99,3.26895000,21520.18582999,0
1538486280000,6581.38000000,6583.63000000,6571.20000000,6572.90000000,23.24533200,1538486339999,152877.07201863,172,6.82590400,44921.54859056,0
1538486340000,6572.90000000,6574.13000000,6569.75000000,6571.50000000,50.82234400,1538486399999,333992.06050345,157,23.09127100,151768.18402999,0
1538486400000,6572.63000000,6572.63000000,6567.68000000,6567.68000000,14.97317200,1538486459999,98387.43498335,95,9.03015200,59342.41614402,0
1538486460000,6567.68000000,6570.67000000,6565.00000000,6569.04000000,6.46175900,1538486519999,42443.69885671,67,2.85621700,18762.97841328,0
1538486520000,6566.34000000,6579.00000000,6566.34000000,6576.28000000,14.51786900,1538486579999,95411.10988736,108,13.07910100,85955.78028433,0
1538486580000,6576.30000000,6579.98000000,6570.43000000,6570.51000000,19.35309000,1538486639999,127256.05535436,81,12.77955400,84039.07313875,0
1538486640000,6570.82000000,6576.00000000,6570.82000000,6574.00000000,21.77082100,1538486699999,143148.87526671,90,12.21733900,80333.43771312,0
1538486700000,6573.00000000,6575.90000000,6570.00000000,6573.93000000,24.48857200,1538486759999,160924.34011180,109,17.48326100,114887.30147183,0
1538486760000,6573.93000000,6580.00000000,6573.90000000,6574.04000000,10.43479000,1538486819999,68616.47738196,123,7.65021900,50308.73165738,0
1538486820000,6575.85000000,6578.16000000,6568.70000000,6568.70000000,25.72697000,1538486879999,169134.70719525,158,11.33271100,74515.63582971,0
1538486880000,6568.70000000,6574.92000000,6568.70000000,6570.00000000,7.14754100,1538486939999,46958.38818695,105,4.61671500,30333.63064661,0
1538486940000,6569.52000000,6574.94000000,6569.03000000,6574.94000000,10.00253900,1538486999999,65733.88025213,76,7.83354200,51482.53111332,0
1538487000000,6574.93000000,6574.97000000,6570.01000000,6570.61000000,19.40057600,1538487059999,127506.41728429,83,10.15199900,66730.14443912,0
1538487060000,6574.69000000,6575.89000000,6570.92000000,6573.54000000,6.09208200,1538487119999,40052.06360498,68,5.61010400,36884.24882955,0
1538487120000,6573.53000000,6575.89000000,6571.16000000,6574.99000000,7.95322900,1538487179999,52277.39964452,115,5.12766800,33705.97178754,0
1538487180000,6575.54000000,6575.89000000,6571.50000000,6573.81000000,14.39510800,1538487239999,94646.69054757,110,9.68469600,63682.18962746,0
1538487240000,6573.81000000,6575.00000000,6573.67000000,6575.00000000,8.64435200,1538487299999,56831.20299396,104,4.37312000,28751.29670782,0
1538487300000,6575.00000000,6575.89000000,6574.04000000,6575.05000000,7.68532100,1538487359999,50533.85455989,107,4.77514400,31399.51481884,0
1538487360000,6575.06000000,6575.89000000,6575.03000000,6575.87000000,8.28594800,1538487419999,54485.82339978,92,5.87416100,38627.27279374,0
1538487420000,6575.86000000,6575.89000000,6575.04000000,6575.89000000,58.78326700,1538487479999,386518.99757541,84,10.46950300,68845.01074563,0
1538487480000,6575.07000000,6575.89000000,6575.06000000,6575.07000000,27.59128500,1538487539999,181419.88493658,82,3.08848200,20308.03664394,0
1538487540000,6575.06000000,6579.99000000,6575.06000000,6579.91000000,26.67325800,1538487599999,175414.27472665,91,16.53358200,108731.72001554,0
1538487600000,6579.91000000,6579.91000000,6573.35000000,6574.22000000,34.64227700,1538487659999,227784.75517940,110,15.62589100,102746.71463561,0
1538487660000,6574.01000000,6574.23000000,6573.36000000,6574.22000000,71.45764200,1538487719999,469749.01865270,94,14.06501100,92464.04563251,0
1538487720000,6574.22000000,6577.29000000,6573.38000000,6574.01000000,25.80015200,1538487779999,169645.11674161,49,13.80052800,90751.73225720,0
1538487780000,6576.99000000,6576.99000000,6573.92000000,6576.84000000,5.64614200,1538487839999,37124.73446558,83,3.11090800,20456.15063302,0
1538487840000,6573.99000000,6576.85000000,6573.36000000,6573.36000000,6.18895600,1538487899999,40686.02353183,87,3.36902100,22148.41435718,0
1538487900000,6573.35000000,6574.66000000,6571.60000000,6574.34000000,4.40446200,1538487959999,28954.25067803,69,2.16917200,14260.36568997,0
1538487960000,6574.35000000,6576.00000000,6571.54000000,6574.91000000,7.57683800,1538488019999,49809.64210565,82,5.95272200,39133.26088665,0
1538488020000,6575.22000000,6575.98000000,6572.28000000,6573.53000000,10.94651000,1538488079999,71962.28330494,69,4.66857100,30694.73142901,0
1538488080000,6573.51000000,6574.88000000,6573.51000000,6574.80000000,34.14009200,1538488139999,224449.05383451,87,13.80889200,90786.36049939,0
1538488140000,6574.55000000,6582.19000000,6574.12000000,6580.01000000,78.41980500,1538488199999,515623.96292612,149,66.95068000,440211.01744506,0
1538488200000,6580.02000000,6582.16000000,6577.71000000,6582.15000000,13.63632600,1538488259999,89739.76013533,86,9.88346400,65046.68450197,0
1538488260000,6582.15000000,6582.16000000,6580.25000000,6580.26000000,11.26691200,1538488319999,74144.84954514,98,6.86206900,45159.52951161,0
1538488320000,6580.26000000,6582.16000000,6580.25000000,6580.91000000,13.02275100,1538488379999,85707.54028313,105,7.45519600,49067.46942527,0
1538488380000,6582.15000000,6582.16000000,6556.88000000,6565.72000000,166.91485100,1538488439999,1095850.41838811,359,13.71517200,90098.68808028,0
1538488440000,6560.50000000,6571.18000000,6552.47000000,6562.29000000,149.98951600,1538488499999,983862.51632021,363,28.47917300,186887.91970765,0
1538488500000,6563.60000000,6571.02000000,6558.49000000,6566.00000000,41.70341900,1538488559999,273783.36326000,129,28.13588400,184766.43362398,0
1538488560000,6567.97000000,6570.51000000,6563.55000000,6570.00000000,7.99924500,1538488619999,52528.97856284,108,4.14044500,27190.60135974,0
1538488620000,6570.00000000,6575.21000000,6566.81000000,6570.86000000,11.54114900,1538488679999,75830.47919246,98,9.25789600,60829.74637641,0
1538488680000,6571.03000000,6576.70000000,6571.03000000,6575.20000000,11.80165400,1538488739999,77608.00113793,70,10.99021200,72273.54179172,0
1538488740000,6575.20000000,6576.68000000,6571.82000000,6574.01000000,11.65563000,1538488799999,76637.16308663,75,6.65789300,43781.28523591,0
1538488800000,6576.37000000,6578.25000000,6571.01000000,6574.43000000,49.85973800,1538488859999,327690.26879954,110,40.98055000,269326.84160605,0
1538488860000,6578.22000000,6578.24000000,6572.02000000,6574.80000000,9.25875800,1538488919999,60875.88144381,61,5.99838500,39444.77376077,0
1538488920000,6572.37000000,6575.03000000,6572.37000000,6572.74000000,11.20287300,1538488979999,73653.44197046,77,9.73258700,63989.84180531,0
1538488980000,6575.02000000,6579.96000000,6572.85000000,6579.95000000,23.61876000,1538489039999,155309.21941211,102,19.23449600,126475.26321684,0
1538489040000,6580.00000000,6580.00000000,6571.79000000,6571.79000000,14.18863400,1538489099999,93303.46361300,115,3.62891500,23868.97852544,0
1538489100000,6571.01000000,6575.90000000,6567.16000000,6569.32000000,7.60285600,1538489159999,49945.19498322,121,4.45473000,29265.78064694,0
1538489160000,6569.98000000,6573.53000000,6567.23000000,6573.29000000,4.22432700,1538489219999,27766.85594861,46,3.83731400,25223.16782993,0
1538489220000,6573.31000000,6575.90000000,6573.30000000,6573.42000000,4.94446900,1538489279999,32511.05481252,77,2.87087900,18876.80198390,0
1538489280000,6574.01000000,6575.86000000,6573.28000000,6574.29000000,5.67077200,1538489339999,37281.22807119,111,3.10298600,20401.62913839,0
1538489340000,6574.29000000,6578.00000000,6574.28000000,6576.43000000,4.63052800,1538489399999,30448.74987388,92,3.27836400,21558.70640742,0
1538489400000,6576.43000000,6578.00000000,6575.01000000,6575.01000000,8.68690400,1538489459999,57126.32137593,113,4.84893000,31889.37044366,0
1538489460000,6575.36000000,6577.31000000,6575.01000000,6577.29000000,8.28300000,1538489519999,54467.63575681,105,6.43880900,42341.00241298,0
1538489520000,6576.87000000,6578.00000000,6575.85000000,6577.96000000,6.81003600,1538489579999,44789.84008156,111,3.57109000,23488.34342444,0
1538489580000,6575.33000000,6579.78000000,6575.33000000,6579.32000000,17.86691200,1538489639999,117541.73634928,121,14.82015400,97501.52284181,0
1538489640000,6579.18000000,6580.00000000,6578.00000000,6579.93000000,34.95474700,1538489699999,229992.17264611,85,30.97946000,203838.24029195,0
1538489700000,6579.94000000,6580.00000000,6578.03000000,6579.98000000,6.17835600,1538489759999,40652.60242070,66,5.45755300,35909.75660308,0
1538489760000,6579.97000000,6579.98000000,6578.10000000,6579.81000000,7.07197200,1538489819999,46530.30863846,93,3.01358100,19828.09033105,0
1538489820000,6579.81000000,6580.00000000,6578.12000000,6580.00000000,5.22490300,1538489879999,34378.30497931,107,3.75330700,24696.21586266,0
1538489880000,6579.97000000,6584.16000000,6579.80000000,6581.82000000,26.64120800,1538489939999,175303.82870567,114,23.89523800,157234.85343515,0
1538489940000,6581.77000000,6581.77000000,6562.24000000,6565.62000000,49.68258500,1538489999999,326498.90843370,229,5.52231300,36311.25467574,0
1538490000000,6565.62000000,6569.86000000,6561.65000000,6568.49000000,16.63091200,1538490059999,109196.48313729,137,15.08587500,99053.57527313,0
1538490060000,6564.74000000,6568.42000000,6542.70000000,6544.06000000,140.60284400,1538490119999,920915.55585972,616,23.06963300,151080.62022434,0
1538490120000,6544.06000000,6548.00000000,6532.00000000,6540.01000000,187.41920700,1538490179999,1225613.39619574,556,51.58198400,337479.22219134,0
1538490180000,6541.13000000,6553.87000000,6535.29000000,6546.69000000,80.40716000,1538490239999,525769.30083008,356,57.14697400,373690.97868323,0
1538490240000,6546.68000000,6550.12000000,6545.72000000,6550.12000000,35.21010800,1538490299999,230562.99419682,150,21.06966600,137968.57863104,0
1538490300000,6549.74000000,6553.05000000,6548.77000000,6550.00000000,57.65076400,1538490359999,377677.14306897,178,23.71091500,155332.03552935,0
1538490360000,6549.99000000,6549.99000000,6545.34000000,6546.00000000,36.88736100,1538490419999,241526.71831249,155,20.38877900,133503.04679846,0
1538490420000,6546.65000000,6552.73000000,6542.45000000,6550.01000000,32.42875500,1538490479999,212327.60557880,160,15.06795200,98666.14294205,0
1538490480000,6550.01000000,6552.26000000,6550.00000000,6550.63000000,14.37551400,1538490539999,94163.24762096,115,8.19593900,53686.71798639,0
1538490540000,6550.64000000,6556.00000000,6550.00000000,6555.77000000,28.41270000,1538490599999,186172.51458696,157,16.68760900,109359.79059771,0
1538490600000,6552.87000000,6555.78000000,6548.61000000,6548.62000000,13.59966600,1538490659999,89110.86632411,113,8.71247700,57093.39595707,0
1538490660000,6548.62000000,6550.00000000,6547.05000000,6549.88000000,13.76989100,1538490719999,90179.36943824,133,7.08110600,46378.52448496,0
1538490720000,6549.88000000,6562.55000000,6547.89000000,6559.95000000,40.67700400,1538490779999,266598.13227617,186,34.56598100,226567.27280709,0
1538490780000,6561.32000000,6561.32000000,6553.70000000,6557.66000000,9.90513600,1538490839999,64950.78311370,116,3.60955300,23668.73925480,0
1538490840000,6557.64000000,6559.95000000,6553.91000000,6556.15000000,6.98764700,1538490899999,45812.08504268,87,2.27644000,14927.87347148,0
1538490900000,6556.15000000,6566.21000000,6554.33000000,6566.21000000,12.74307600,1538490959999,83576.97234549,133,10.72104400,70318.05996131,0
1538490960000,6558.09000000,6561.88000000,6558.09000000,6560.57000000,3.75479600,1538491019999,24633.10255869,74,1.40722300,9232.45693282,0
1538491020000,6560.57000000,6560.58000000,6551.22000000,6552.06000000,12.05232200,1538491079999,79024.88222238,124,1.80718800,11848.90405698,0
1538491080000,6552.06000000,6554.99000000,6548.03000000,6552.67000000,28.19192600,1538491139999,184689.47076413,150,20.63925100,135220.51719940,0
1538491140000,6552.64000000,6555.38000000,6550.18000000,6552.80000000,8.15206400,1538491199999,53423.93846231,105,6.02693600,39497.00872371,0
1538491200000,6552.80000000,6552.80000000,6550.25000000,6552.40000000,11.59933600,1538491259999,75997.57965635,116,7.14709700,46829.80167170,0
1538491260000,6552.40000000,6553.69000000,6549.99000000,6550.01000000,39.54079000,1538491319999,259060.04309564,138,4.18454400,27415.24565401,0
1538491320000,6550.00000000,6554.39000000,6549.95000000,6554.39000000,23.89402000,1538491379999,156558.48787126,123,18.87368400,123670.28518286,0
1538491380000,6554.39000000,6555.33000000,6551.24000000,6551.30000000,32.27836700,1538491439999,211557.15146342,117,7.22197000,47332.43858345,0
1538491440000,6551.29000000,6553.69000000,6549.96000000,6550.00000000,10.17065600,1538491499999,66628.92369449,107,5.26124000,34467.64383402,0
1538491500000,6550.00000000,6556.17000000,6548.02000000,6555.17000000,13.49462100,1538491559999,88406.14808450,144,8.99410400,58915.41668414,0
1538491560000,6556.97000000,6559.59000000,6554.40000000,6559.18000000,12.81894800,1538491619999,84045.77664411,113,6.34439600,41595.73047241,0
1538491620000,6555.03000000,6558.99000000,6550.70000000,6552.54000000,14.15518900,1538491679999,92769.73133766,92,3.71472300,24346.41706772,0
1538491680000,6554.36000000,6554.36000000,6550.39000000,6554.35000000,19.58546900,1538491739999,128339.11513689,116,12.19778200,79932.93456002,0
1538491740000,6553.45000000,6555.71000000,6552.56000000,6553.14000000,20.99510900,1538491799999,137600.37672519,113,11.69796300,76673.13950886,0
1538491800000,6553.16000000,6555.61000000,6550.37000000,6552.55000000,6.22005700,1538491859999,40757.04937270,92,2.18014200,14286.05321700,0
1538491860000,6550.51000000,6552.55000000,6550.39000000,6550.56000000,6.51463200,1538491919999,42676.72859855,115,2.63251300,17247.15022891,0
1538491920000,6550.60000000,6552.55000000,6548.01000000,6549.89000000,11.35588700,1538491979999,74393.73827356,159,6.29528200,41243.32112239,0
1538491980000,6549.88000000,6549.88000000,6543.30000000,6548.61000000,14.10618900,1538492039999,92356.96974013,144,5.32079800,34845.65516785,0
1538492040000,6548.61000000,6552.63000000,6545.14000000,6552.51000000,17.34477500,1538492099999,113547.08714377,154,13.28410500,86963.63927091,0
1538492100000,6550.21000000,6552.49000000,6547.77000000,6549.49000000,7.85872400,1538492159999,51476.52890159,118,5.98110900,39178.98719157,0
1538492160000,6550.68000000,6551.35000000,6545.00000000,6545.05000000,13.18767300,1538492219999,86342.91757475,135,3.08388000,20190.92506167,0
1538492220000,6547.03000000,6549.62000000,6545.05000000,6549.61000000,3.62586800,1538492279999,23740.87944552,88,2.24825100,14722.42085849,0
1538492280000,6549.61000000,6551.35000000,6546.63000000,6551.10000000,3.71287800,1538492339999,24314.87380293,111,1.74278400,11414.27336166,0
1538492340000,6549.59000000,6551.30000000,6547.26000000,6548.73000000,9.82832600,1538492399999,64359.22399621,156,4.81162900,31510.52120366,0
1538492400000,6549.00000000,6551.28000000,6536.46000000,6539.98000000,49.94162300,1538492459999,326833.39751190,273,12.08544500,79061.45112822,0
1538492460000,6540.00000000,6543.86000000,6536.00000000,6543.73000000,19.72106200,1538492519999,128957.25921280,125,7.25693700,47472.93830350,0
1538492520000,6542.75000000,6547.42000000,6538.04000000,6546.08000000,10.66552900,1538492579999,69789.32846102,135,6.96289600,45566.91414892,0
1538492580000,6546.11000000,6547.89000000,6541.77000000,6543.99000000,12.06253300,1538492639999,78955.46683923,110,3.15310200,20634.13977964,0
1538492640000,6544.00000000,6544.88000000,6540.76000000,6540.76000000,7.27806700,1538492699999,47620.04520401,101,4.83575900,31640.70122180,0
1538492700000,6540.78000000,6544.00000000,6539.11000000,6540.86000000,8.30719700,1538492759999,54340.76300068,121,2.67872800,17526.29332038,0
1538492760000,6539.11000000,6544.00000000,6538.01000000,6542.98000000,13.81019900,1538492819999,90320.07813975,126,10.87852600,71149.77150095,0
1538492820000,6542.00000000,6543.96000000,6536.49000000,6537.10000000,15.43604500,1538492879999,100941.15664061,159,5.34622400,34958.77546024,0
1538492880000,6536.80000000,6540.72000000,6536.00000000,6537.42000000,14.10082200,1538492939999,92194.27208127,112,10.37689500,67849.59469067,0
1538492940000,6538.20000000,6540.69000000,6538.20000000,6540.68000000,16.00419200,1538492999999,104668.58122157,140,8.73247900,57110.71180868,0
1538493000000,6540.67000000,6540.69000000,6538.20000000,6539.99000000,7.26755700,1538493059999,47529.62787469,109,2.08019300,13604.73507794,0
1538493060000,6540.00000000,6546.36000000,6535.00000000,6544.05000000,30.65672900,1538493119999,200447.16727452,184,18.70874500,122337.36036149,0
1538493120000,6544.08000000,6546.35000000,6541.71000000,6544.61000000,14.01499300,1538493179999,91700.27708300,111,2.93853000,19231.32794852,0
1538493180000,6544.61000000,6544.62000000,6539.99000000,6542.51000000,30.49170100,1538493239999,199518.98993362,146,12.67864300,82967.45559219,0
1538493240000,6542.51000000,6544.34000000,6539.99000000,6540.03000000,13.59606600,1538493299999,88952.67402930,131,4.97349700,32545.43153215,0
1538493300000,6540.04000000,6542.60000000,6536.00000000,6540.09000000,13.98423300,1538493359999,91440.07360812,129,6.76546800,44241.81083873,0
1538493360000,6540.48000000,6546.09000000,6538.42000000,6544.99000000,15.23215700,1538493419999,99662.12528153,127,11.99633600,78488.48084600,0
1538493420000,6545.54000000,6548.41000000,6541.40000000,6548.14000000,25.21587500,1538493479999,165004.60140399,134,8.43601100,55209.48180976,0
1538493480000,6548.21000000,6551.25000000,6547.37000000,6547.37000000,17.16884500,1538493539999,112443.03045315,156,6.78552600,44441.10625895,0
1538493540000,6547.37000000,6550.29000000,6543.78000000,6549.86000000,8.37939900,1538493599999,54864.66369937,118,5.34292600,34990.57848347,0
1538493600000,6550.00000000,6565.89000000,6549.60000000,6558.79000000,43.77389100,1538493659999,287098.74524536,166,41.47573500,272043.65719789,0
1538493660000,6558.79000000,6558.83000000,6554.85000000,6555.00000000,5.56589100,1538493719999,36494.25775754,80,3.32110700,21778.51741529,0
1538493720000,6557.03000000,6558.21000000,6555.03000000,6555.51000000,15.79801700,1538493779999,103592.23221116,90,13.65919700,89570.61057009,0
1538493780000,6555.50000000,6556.95000000,6555.05000000,6555.06000000,11.50062900,1538493839999,75394.14681069,122,2.92109500,19150.85203343,0
1538493840000,6555.05000000,6555.89000000,6551.00000000,6553.76000000,20.16167100,1538493899999,132147.52496485,110,4.15192300,27209.10014263,0
1538493900000,6553.77000000,6556.95000000,6551.50000000,6554.62000000,8.64120100,1538493959999,56630.78518237,91,7.87208600,51591.23901981,0
1538493960000,6556.74000000,6558.00000000,6554.68000000,6555.17000000,5.72267700,1538494019999,37516.82726057,77,3.38754300,22210.14198639,0
1538494020000,6557.33000000,6558.83000000,6555.17000000,6557.73000000,13.95900300,1538494079999,91533.36181077,148,9.39343600,61600.51259812,0
1538494080000,6558.83000000,6559.19000000,6556.26000000,6558.43000000,9.18708400,1538494139999,60250.66790977,132,2.19710100,14410.09982789,0
1538494140000,6558.43000000,6561.91000000,6557.04000000,6561.90000000,6.54922800,1538494199999,42953.87694362,115,4.46019900,29253.84371713,0
1538494200000,6559.20000000,6560.99000000,6551.00000000,6556.73000000,26.56021800,1538494259999,174147.37201297,141,8.98064900,58874.32378628,0
1538494260000,6556.73000000,6556.92000000,6551.89000000,6556.52000000,16.12117900,1538494319999,105675.37980692,92,7.49092000,49105.41836389,0
1538494320000,6554.13000000,6558.82000000,6552.00000000,6556.49000000,11.36327900,1538494379999,74471.17464116,99,2.25311500,14773.32761194,0
1538494380000,6556.43000000,6558.00000000,6556.40000000,6556.41000000,6.62459900,1538494439999,43435.48026261,98,4.50591500,29544.18317263,0
1538494440000,6557.97000000,6557.99000000,6555.00000000,6555.22000000,8.54464200,1538494499999,56027.79844015,88,6.15543900,40363.42339176,0
1538494500000,6556.01000000,6570.00000000,6556.00000000,6562.01000000,49.07556700,1538494559999,322131.19846872,199,39.90374900,261952.72900739,0
1538494560000,6562.02000000,6564.76000000,6560.00000000,6560.06000000,29.25366000,1538494619999,191965.53201380,123,23.00336900,150955.20246616,0
1538494620000,6560.06000000,6563.50000000,6560.00000000,6563.44000000,23.54612000,1538494679999,154478.27898435,103,20.42853500,134026.14247987,0
1538494680000,6562.42000000,6564.02000000,6560.23000000,6563.38000000,20.49010600,1538494739999,134481.23493689,109,14.60826700,95878.23004948,0
1538494740000,6563.38000000,6563.56000000,6560.10000000,6561.45000000,35.03102400,1538494799999,229859.16546451,119,25.56574200,167756.58967845,0
1538494800000,6561.45000000,6563.30000000,6556.00000000,6560.41000000,24.21900500,1538494859999,158886.06373636,90,10.91978200,71646.37709791,0
1538494860000,6556.05000000,6560.69000000,6556.05000000,6560.69000000,24.37114200,1538494919999,159883.88878277,72,23.81869700,156259.92464842,0
1538494920000,6560.68000000,6560.68000000,6557.01000000,6559.50000000,6.98985400,1538494979999,45852.81043544,45,6.28842900,41252.74541536,0
1538494980000,6558.73000000,6559.55000000,6554.72000000,6557.50000000,17.64649300,1538495039999,115717.82457752,110,6.58631900,43194.16455508,0
1538495040000,6557.50000000,6560.60000000,6557.50000000,6558.03000000,9.57206800,1538495099999,62783.68914325,77,6.03403100,39580.09202376,0
1538495100000,6560.35000000,6560.36000000,6557.00000000,6557.01000000,11.83766400,1538495159999,77638.65673234,123,4.03268200,26451.26585295,0
1538495160000,6557.76000000,6559.40000000,6555.81000000,6557.03000000,9.86796900,1538495219999,64706.66639690,99,3.68291700,24151.85117033,0
1538495220000,6557.02000000,6559.13000000,6557.00000000,6557.05000000,7.83317800,1538495279999,51364.77905402,95,2.62939400,17243.43391241,0
1538495280000,6557.04000000,6557.05000000,6553.04000000,6557.00000000,6.20668900,1538495339999,40691.68930773,102,3.09425600,20286.74835876,0
1538495340000,6556.41000000,6560.60000000,6555.83000000,6557.56000000,6.94895700,1538495399999,45567.17975311,69,5.88492200,38590.99715901,0
1538495400000,6557.56000000,6560.00000000,6555.89000000,6558.86000000,5.28746100,1538495459999,34679.01135765,62,2.73302700,17927.81266575,0
1538495460000,6559.42000000,6566.06000000,6556.54000000,6556.54000000,11.09851400,1538495519999,72813.79064591,120,7.03477000,46157.62341349,0
1538495520000,6556.54000000,6559.99000000,6554.60000000,6559.08000000,29.52761500,1538495579999,193607.42470983,153,11.28958700,74043.72080770,0
1538495580000,6557.31000000,6562.91000000,6554.82000000,6557.85000000,9.60708700,1538495639999,63009.83151655,86,8.08879500,53053.71838321,0
1538495640000,6557.68000000,6559.67000000,6555.20000000,6559.60000000,7.34632700,1538495699999,48172.32339185,70,3.84549700,25219.18398987,0
1538495700000,6555.62000000,6562.87000000,6555.62000000,6562.59000000,4.55976800,1538495759999,29912.23815111,62,1.92266500,12613.82821908,0
1538495760000,6562.59000000,6570.00000000,6560.26000000,6566.32000000,37.42320900,1538495819999,245778.65510582,123,33.97893500,223176.75051864,0
1538495820000,6566.32000000,6566.43000000,6560.00000000,6564.22000000,17.90568500,1538495879999,117532.14132568,114,10.87818900,71409.03722319,0
1538495880000,6560.63000000,6569.36000000,6560.62000000,6565.01000000,7.24413200,1538495939999,47557.47776650,79,4.98963400,32761.06107012,0
1538495940000,6565.01000000,6565.01000000,6555.75000000,6555.80000000,10.28941300,1538495999999,67528.08977618,101,2.93024100,19235.39890794,0
1538496000000,6560.80000000,6563.79000000,6554.30000000,6560.00000000,9.16784200,1538496059999,60132.70346013,119,5.65822700,37120.90877094,0
1538496060000,6560.82000000,6563.49000000,6557.17000000,6559.00000000,4.81248000,1538496119999,31568.35545839,94,2.64575100,17356.85135837,0
1538496120000,6559.00000000,6562.47000000,6558.01000000,6561.29000000,8.10702700,1538496179999,53187.37332918,85,5.14882300,33784.11918324,0
1538496180000,6562.00000000,6566.99000000,6559.43000000,6560.01000000,21.06825200,1538496239999,138233.49476520,140,7.81515100,51290.55095165,0
1538496240000,6560.00000000,6562.06000000,6558.00000000,6559.00000000,5.08562500,1538496299999,33361.14368912,81,3.77898100,24791.55719776,0
1538496300000,6561.22000000,6561.23000000,6558.00000000,6558.00000000,9.87111400,1538496359999,64750.35082380,132,6.71242800,44034.09013558,0
1538496360000,6558.00000000,6560.00000000,6553.74000000,6554.40000000,9.52886000,1538496419999,62476.42639203,96,7.25703500,47582.54574786,0
1538496420000,6557.41000000,6557.41000000,6554.38000000,6554.43000000,18.20562600,1538496479999,119339.61303973,96,13.44245300,88119.35252910,0
1538496480000,6554.46000000,6557.02000000,6554.45000000,6556.94000000,23.06656800,1538496539999,151199.33769397,74,9.00633500,59039.79298561,0
1538496540000,6556.92000000,6558.00000000,6554.63000000,6555.05000000,20.72533800,1538496599999,135907.12280492,67,19.06251700,125004.33214151,0
1538496600000,6555.05000000,6556.93000000,6552.00000000,6553.00000000,47.43128200,1538496659999,310881.92976820,118,26.46545200,173473.64119481,0
1538496660000,6553.00000000,6555.00000000,6552.61000000,6554.98000000,56.21671200,1538496719999,368465.86195794,112,53.49795300,350645.55052428,0
1538496720000,6555.00000000,6557.25000000,6552.96000000,6555.09000000,37.26120900,1538496779999,244238.68202586,118,21.39272000,140230.25109412,0
1538496780000,6555.08000000,6557.05000000,6553.00000000,6554.97000000,25.90505900,1538496839999,169817.92245275,95,21.12348700,138474.76789038,0
1538496840000,6554.00000000,6555.00000000,6550.89000000,6554.78000000,28.85580600,1538496899999,189126.05562636,76,23.83998900,156257.40700710,0
1538496900000,6554.78000000,6554.79000000,6553.05000000,6553.05000000,64.15932900,1538496959999,420510.30878149,103,43.66080600,286166.04673436,0
1538496960000,6551.49000000,6553.05000000,6550.21000000,6550.21000000,49.08194200,1538497019999,321538.94859245,116,32.93264000,215746.21063200,0
1538497020000,6550.20000000,6554.38000000,6550.00000000,6551.08000000,20.59807700,1538497079999,134956.80321922,81,17.18787000,112617.81790185,0
1538497080000,6551.09000000,6553.75000000,6551.01000000,6552.02000000,17.99784800,1538497139999,117919.89560868,66,10.82171400,70906.71986942,0
1538497140000,6552.71000000,6554.37000000,6550.00000000,6554.28000000,42.79522200,1538497199999,280383.25615554,122,23.07316600,151187.08307566,0
1538497200000,6550.52000000,6554.21000000,6550.00000000,6550.07000000,25.42635700,1538497259999,166556.68427494,92,7.18584100,47079.38270626,0
1538497260000,6552.95000000,6552.95000000,6548.80000000,6552.57000000,54.44514700,1538497319999,356597.08559903,110,28.04353700,183681.94563496,0
1538497320000,6549.06000000,6551.02000000,6548.00000000,6548.00000000,53.57373500,1538497379999,350877.58766150,111,21.15733500,138581.24559094,0
1538497380000,6548.54000000,6551.02000000,6545.74000000,6545.96000000,13.81518900,1538497439999,90455.95733954,109,7.24254800,47420.49873114,0
1538497440000,6545.97000000,6550.43000000,6545.96000000,6546.02000000,3.19834500,1538497499999,20938.92264452,67,1.23615000,8094.42328378,0
1538497500000,6546.02000000,6549.33000000,6545.00000000,6545.01000000,9.10408000,1538497559999,59604.53633809,117,3.81866000,25007.69306517,0
1538497560000,6545.01000000,6548.00000000,6545.00000000,6545.06000000,21.24431800,1538497619999,139049.92769522,103,2.08600800,13656.22008068,0
1538497620000,6545.05000000,6550.14000000,6545.00000000,6546.43000000,28.34523500,1538497679999,185561.78954613,133,12.91515200,84556.47023766,0
1538497680000,6546.43000000,6548.66000000,6545.00000000,6545.00000000,33.15644800,1538497739999,217018.78428801,143,3.25140000,21284.81649263,0
1538497740000,6545.01000000,6548.26000000,6543.68000000,6544.41000000,13.67385100,1538497799999,89498.36712324,128,7.26915900,47584.30222822,0
1538497800000,6544.41000000,6550.49000000,6544.41000000,6549.69000000,20.15179900,1538497859999,131952.85470654,148,8.98750700,58857.71763821,0
1538497860000,6547.11000000,6550.00000000,6544.36000000,6549.89000000,18.39250500,1538497919999,120451.76619996,79,15.11086300,98967.58734653,0
1538497920000,6549.87000000,6549.87000000,6545.00000000,6549.44000000,16.45698900,1538497979999,107747.82395935,129,6.59579400,43189.92741867,0
1538497980000,6549.43000000,6549.43000000,6540.01000000,6543.91000000,43.46124100,1538498039999,284404.08350536,155,9.54154700,62442.24476085,0
1538498040000,6543.85000000,6544.00000000,6540.93000000,6542.18000000,38.49221800,1538498099999,251831.46174422,127,35.32247500,231097.46569525,0
1538498100000,6541.59000000,6542.19000000,6522.00000000,6522.03000000,103.27448700,1538498159999,674249.36360083,761,10.95602400,71532.67847488,0
1538498160000,6522.03000000,6538.97000000,6522.03000000,6535.62000000,56.46785700,1538498219999,368846.12419063,249,39.71155800,259436.42572262,0
1538498220000,6535.63000000,6541.43000000,6532.00000000,6532.00000000,22.24711600,1538498279999,145447.76222304,158,11.71861600,76630.55631242,0
1538498280000,6537.98000000,6537.98000000,6527.70000000,6530.00000000,20.05375200,1538498339999,130985.90228678,157,12.02886400,78573.16330404,0
1538498340000,6533.06000000,6536.03000000,6527.82000000,6532.03000000,19.64162500,1538498399999,128304.77053535,111,9.70431000,63400.76064996,0
1538498400000,6535.04000000,6545.00000000,6535.04000000,6541.96000000,30.56313100,1538498459999,199873.03726865,176,16.82073500,110003.83998276,0
1538498460000,6541.24000000,6544.14000000,6539.00000000,6541.99000000,9.75622400,1538498519999,63817.99416569,105,5.86429000,38360.95335750,0
1538498520000,6541.01000000,6543.00000000,6540.06000000,6542.88000000,12.68368300,1538498579999,82968.26158493,134,4.31991800,28261.11643717,0
1538498580000,6542.88000000,6547.33000000,6540.01000000,6545.00000000,17.94455700,1538498639999,117429.59299361,153,11.95282500,78233.38512857,0
1538498640000,6542.33000000,6549.00000000,6542.33000000,6546.04000000,6.83269000,1538498699999,44729.12077865,131,3.34904100,21927.59087447,0
1538498700000,6546.04000000,6547.40000000,6542.02000000,6542.13000000,103.44089900,1538498759999,677091.66914569,297,5.17612900,33881.92094339,0
1538498760000,6542.02000000,6543.49000000,6542.00000000,6542.00000000,122.68489600,1538498819999,802610.44903767,340,10.79843900,70648.41038663,0
1538498820000,6542.00000000,6544.22000000,6538.73000000,6539.36000000,91.35485600,1538498879999,597451.29318831,251,26.98048000,176453.53902874,0
1538498880000,6542.95000000,6543.00000000,6531.11000000,6533.30000000,36.61972500,1538498939999,239468.99909302,160,13.01253500,85098.22912936,0
1538498940000,6535.41000000,6537.36000000,6533.39000000,6537.16000000,16.53807600,1538498999999,108075.51272532,156,11.21046600,73263.73676417,0
1538499000000,6537.16000000,6545.00000000,6535.06000000,6539.43000000,25.43494500,1538499059999,166332.91088458,151,17.87471700,116907.34292031,0
1538499060000,6539.04000000,6544.77000000,6538.00000000,6538.00000000,20.22176500,1538499119999,132238.24468870,78,3.86439000,25270.15315195,0
1538499120000,6538.00000000,6555.00000000,6536.04000000,6539.94000000,46.61787800,1538499179999,305147.89914304,166,41.05795300,268797.12911700,0
1538499180000,6543.61000000,6547.26000000,6538.29000000,6542.33000000,36.18812300,1538499239999,236827.12231552,136,24.28075000,158918.58754312,0
1538499240000,6542.33000000,6546.64000000,6540.26000000,6543.98000000,7.41336900,1538499299999,48501.74918221,126,4.67552000,30592.05355098,0
1538499300000,6542.01000000,6543.98000000,6535.04000000,6537.85000000,10.62693200,1538499359999,69495.52705501,115,5.84608200,38229.22528812,0
1538499360000,6537.75000000,6538.98000000,6535.00000000,6538.98000000,39.21547000,1538499419999,256303.90036873,152,35.34229900,230992.08867153,0
1538499420000,6538.98000000,6544.06000000,6535.32000000,6538.06000000,79.58938400,1538499479999,520556.36710556,118,61.54097600,402516.77012331,0
1538499480000,6538.57000000,6539.99000000,6532.10000000,6539.01000000,37.93001200,1538499539999,247935.59796084,101,28.58070200,186820.59575444,0
1538499540000,6539.01000000,6543.55000000,6536.05000000,6541.07000000,12.41298900,1538499599999,81184.27459633,102,7.68205900,50248.36445778,0
1538499600000,6543.54000000,6545.62000000,6540.19000000,6544.01000000,14.92177000,1538499659999,97624.32810168,110,6.40505000,41903.64999404,0
1538499660000,6544.01000000,6553.42000000,6541.70000000,6552.96000000,21.02260200,1538499719999,137614.01607745,151,12.66348500,82907.31835951,0
1538499720000,6553.41000000,6561.72000000,6544.67000000,6553.71000000,62.60522300,1538499779999,410435.97461938,270,38.28962400,251019.58088382,0
1538499780000,6553.69000000,6555.00000000,6550.12000000,6555.00000000,6.36826300,1538499839999,41733.37499425,79,5.34051500,34999.97049784,0
1538499840000,6555.00000000,6555.00000000,6545.13000000,6546.46000000,16.99678800,1538499899999,111323.12875656,130,6.43442100,42137.46264570,0
1538499900000,6549.89000000,6549.89000000,6545.33000000,6545.85000000,29.38660300,1538499959999,192363.07182299,101,6.95581300,45542.06173634,0
1538499960000,6545.86000000,6549.11000000,6545.75000000,6548.78000000,6.98217100,1538500019999,45716.99031443,100,4.79294300,31384.44572402,0
1538500020000,6546.61000000,6553.91000000,6545.34000000,6545.37000000,11.42568900,1538500079999,74819.26019031,129,8.44672000,55314.80956193,0
1538500080000,6547.28000000,6550.02000000,6542.03000000,6542.05000000,6.87130800,1538500139999,44983.89571254,87,3.02049100,19778.09472415,0
1538500140000,6542.67000000,6554.00000000,6542.03000000,6546.64000000,53.04020100,1538500199999,347116.26610736,122,28.25212700,184902.81834597,0
1538500200000,6551.86000000,6552.77000000,6545.68000000,6545.69000000,39.28992300,1538500259999,257258.16856962,92,21.01431300,137609.63958265,0
1538500260000,6545.69000000,6545.88000000,6537.44000000,6541.50000000,24.49950800,1538500319999,160336.78466299,77,19.64555400,128568.08497163,0
1538500320000,6541.50000000,6544.97000000,6540.02000000,6541.90000000,17.46117300,1538500379999,114225.08772432,48,3.56877400,23345.25475461,0
1538500380000,6542.00000000,6542.00000000,6541.85000000,6541.91000000,49.36121700,1538500439999,322917.10756241,102,18.11927500,118535.44236080,0
1538500440000,6541.90000000,6542.00000000,6540.01000000,6540.01000000,52.09134700,1538500499999,340757.00577680,113,15.58053300,101922.76810598,0
1538500500000,6540.01000000,6544.63000000,6536.99000000,6544.21000000,30.57017700,1538500559999,199891.29921031,122,6.60606900,43206.18313961,0
1538500560000,6541.76000000,6541.76000000,6535.00000000,6535.39000000,42.99770500,1538500619999,281109.81780041,143,12.57469100,82215.27015847,0
1538500620000,6537.77000000,6539.08000000,6535.42000000,6535.48000000,8.93863500,1538500679999,58429.39876285,107,3.41946500,22353.60846241,0
1538500680000,6535.48000000,6544.00000000,6535.42000000,6543.90000000,3.22476300,1538500739999,21089.59751222,60,2.40214500,15710.73747578,0
1538500740000,6543.25000000,6543.25000000,6537.65000000,6540.04000000,9.05014300,1538500799999,59181.18394159,97,3.87414200,25338.23327377,0
1538500800000,6540.06000000,6540.08000000,6535.41000000,6535.50000000,26.55631500,1538500859999,173638.86067086,91,6.93260500,45333.95306645,0
1538500860000,6535.50000000,6537.60000000,6533.00000000,6537.60000000,7.18283700,1538500919999,46936.77074157,118,3.19716700,20892.19803231,0
1538500920000,6534.04000000,6540.08000000,6532.42000000,6538.36000000,11.74126900,1538500979999,76742.13273509,117,6.92344300,45254.70857544,0
1538500980000,6539.47000000,6539.47000000,6533.52000000,6534.07000000,27.78363700,1538501039999,181633.81339278,81,19.78100000,129316.03612555,0
1538501040000,6533.53000000,6533.99000000,6523.00000000,6525.00000000,59.61344000,1538501099999,389097.66002634,249,27.51918200,179637.94042518,0
1538501100000,6527.98000000,6536.29000000,6524.00000000,6533.62000000,51.13766400,1538501159999,333798.60837012,198,31.66140800,206671.22360179,0
1538501160000,6533.65000000,6536.27000000,6526.94000000,6528.16000000,29.26768000,1538501219999,191108.64352712,118,14.42509500,94200.42049480,0
1538501220000,6528.15000000,6531.12000000,6525.53000000,6528.97000000,25.11125300,1538501279999,163943.46092708,120,11.57795400,75592.02276068,0
1538501280000,6525.64000000,6534.20000000,6525.61000000,6529.18000000,10.92452600,1538501339999,71322.98425869,72,7.03719500,45944.14154327,0
1538501340000,6530.00000000,6530.00000000,6515.39000000,6522.89000000,63.30140900,1538501399999,412781.70897947,496,19.31510700,125927.24724185,0
1538501400000,6524.58000000,6526.59000000,6515.08000000,6520.32000000,24.40789800,1538501459999,159159.08177758,179,6.44168900,42013.97190817,0
1538501460000,6520.39000000,6526.13000000,6520.39000000,6521.00000000,38.73490000,1538501519999,252721.27069153,144,22.88097600,149296.78302144,0
1538501520000,6520.03000000,6522.20000000,6516.44000000,6516.61000000,14.70019800,1538501579999,95841.42155472,162,6.70342700,43708.02749758,0
1538501580000,6516.61000000,6523.23000000,6515.08000000,6515.09000000,28.69294700,1538501639999,187011.79859688,183,9.58629800,62494.12388939,0
1538501640000,6516.88000000,6517.26000000,6510.00000000,6512.00000000,40.59235500,1538501699999,264372.90801624,343,6.55064000,42674.32629332,0
1538501700000,6512.00000000,6513.11000000,6494.00000000,6494.92000000,424.21732600,1538501759999,2758021.85426124,1313,42.01862800,273107.43101093,0
1538501760000,6494.00000000,6539.19000000,6494.00000000,6526.16000000,264.06075500,1538501819999,1718235.26646425,902,127.03069000,827349.85459518,0
1538501820000,6526.32000000,6531.55000000,6515.24000000,6524.79000000,69.31845800,1538501879999,452113.40635446,342,40.55089500,264507.41539385,0
1538501880000,6524.79000000,6540.00000000,6519.32000000,6533.69000000,68.99357500,1538501939999,450260.33809163,204,33.43129500,218193.40981636,0
1538501940000,6533.69000000,6538.00000000,6522.23000000,6530.11000000,24.62620100,1538501999999,160811.11336014,172,10.96685000,71619.43271539,0
1538502000000,6530.12000000,6533.00000000,6520.00000000,6525.10000000,35.27041300,1538502059999,230301.50218769,164,3.42873500,22385.32877518,0
1538502060000,6526.08000000,6536.82000000,6525.07000000,6535.91000000,11.87839800,1538502119999,77567.53745145,145,10.11082300,66030.20808285,0
1538502120000,6532.57000000,6536.84000000,6528.14000000,6532.13000000,15.67119100,1538502179999,102359.99948178,145,11.51009400,75175.39988379,0
1538502180000,6532.13000000,6534.60000000,6528.14000000,6528.16000000,30.76865200,1538502239999,200873.75975190,99,6.19550900,40453.95028632,0
1538502240000,6528.16000000,6531.93000000,6528.00000000,6530.76000000,28.51138000,1538502299999,186143.43665123,97,7.09428100,46320.43144441,0
1538502300000,6529.35000000,6534.31000000,6528.53000000,6532.14000000,50.39651800,1538502359999,329154.19720410,88,31.48219000,205638.36282258,0
1538502360000,6533.06000000,6533.99000000,6528.66000000,6529.84000000,74.74943200,1538502419999,488248.98790668,133,71.18585600,464974.16291246,0
1538502420000,6530.91000000,6536.54000000,6529.85000000,6534.55000000,40.46701900,1538502479999,264351.23481171,122,38.81497900,253558.73996407,0
1538502480000,6532.88000000,6536.00000000,6532.88000000,6536.00000000,26.12604800,1538502539999,170710.10608198,127,19.03552000,124383.47018034,0
1538502540000,6534.46000000,6536.00000000,6534.46000000,6534.51000000,26.03332900,1538502599999,170120.99074530,137,12.96904800,84752.56164149,0
1538502600000,6534.50000000,6537.70000000,6534.00000000,6537.05000000,28.25422800,1538502659999,184676.43664211,143,20.07179900,131198.17403660,0
1538502660000,6537.36000000,6537.70000000,6535.55000000,6537.70000000,10.49626000,1538502719999,68610.16054289,107,5.52240400,36099.43687963,0
1538502720000,6537.70000000,6537.70000000,6535.88000000,6535.95000000,10.50109700,1538502779999,68645.33415787,89,7.96018400,52037.63701781,0
1538502780000,6535.94000000,6537.70000000,6535.50000000,6537.70000000,40.95224800,1538502839999,267702.59931666,134,32.52454700,212619.97649755,0
1538502840000,6537.70000000,6548.02000000,6537.70000000,6543.36000000,85.81376800,1538502899999,561602.09524772,315,31.43969400,205745.74395293,0
1538502900000,6543.36000000,6543.36000000,6538.11000000,6539.01000000,27.39416500,1538502959999,179181.05468237,178,5.30998100,34736.72127528,0
1538502960000,6541.55000000,6541.61000000,6532.91000000,6533.00000000,19.61050100,1538503019999,128190.13781806,189,4.97031400,32491.51347073,0
1538503020000,6533.00000000,6536.46000000,6533.00000000,6533.41000000,7.23568300,1538503079999,47279.06501932,78,3.51770100,22989.24312271,0
1538503080000,6536.43000000,6540.00000000,6533.43000000,6539.93000000,13.28713500,1538503139999,86825.30748157,78,3.80630900,24878.23808992,0
1538503140000,6536.71000000,6543.80000000,6536.71000000,6543.63000000,19.90718500,1538503199999,130224.91865032,84,16.40070000,107290.00600589,0
1538503200000,6542.00000000,6543.65000000,6533.82000000,6538.64000000,9.57369800,1538503259999,62601.40808286,134,3.50132300,22895.86470493,0
1538503260000,6536.66000000,6538.64000000,6534.00000000,6536.68000000,5.80413200,1538503319999,37944.07812958,84,3.55111900,23218.56564267,0
1538503320000,6536.68000000,6536.69000000,6536.60000000,6536.61000000,7.93605600,1538503379999,51875.25858462,101,5.74251000,37536.84102660,0
1538503380000,6536.60000000,6536.60000000,6534.00000000,6535.00000000,7.52688100,1538503439999,49189.73497101,114,1.98015800,12942.53025745,0
1538503440000,6536.40000000,6542.00000000,6535.00000000,6538.68000000,35.55788400,1538503499999,232427.75683889,123,13.83853500,90456.42641261,0
1538503500000,6538.68000000,6543.26000000,6536.93000000,6542.30000000,27.62145800,1538503559999,180647.51263523,125,14.23400900,93101.51070950,0
1538503560000,6542.30000000,6544.53000000,6541.00000000,6544.41000000,60.83731400,1538503619999,397998.08371971,86,6.12274800,40060.04441094,0
1538503620000,6544.41000000,6546.00000000,6543.80000000,6545.34000000,41.40182600,1538503679999,270967.52941156,123,34.46508700,225570.44737898,0
1538503680000,6546.00000000,6550.00000000,6546.00000000,6548.00000000,19.85974500,1538503739999,130061.56519449,107,18.27925400,119713.20375590,0
1538503740000,6547.99000000,6549.01000000,6547.00000000,6548.99000000,54.72443900,1538503799999,358356.67022766,119,39.53871700,258920.95422196,0
1538503800000,6548.50000000,6550.10000000,6548.01000000,6548.95000000,95.17718200,1538503859999,623336.89093239,141,63.47327200,415705.81917910,0
1538503860000,6550.08000000,6560.00000000,6548.95000000,6559.00000000,60.54011000,1538503919999,396695.53995935,194,34.91942200,228867.80565424,0
1538503920000,6556.78000000,6562.32000000,6553.51000000,6555.00000000,69.55023500,1538503979999,456129.32519088,227,38.84241000,254762.37628788,0
1538503980000,6555.20000000,6559.00000000,6549.99000000,6554.99000000,49.81722600,1538504039999,326513.63595665,199,35.37624800,231887.55682307,0
1538504040000,6550.11000000,6553.96000000,6549.99000000,6550.00000000,29.48259500,1538504099999,193118.54126541,69,23.44457600,153566.78767880,0
1538504100000,6550.66000000,6554.92000000,6549.00000000,6553.31000000,40.97643100,1538504159999,268466.53466622,116,37.22917300,243920.93500271,0
1538504160000,6554.72000000,6557.72000000,6549.15000000,6554.20000000,60.30851300,1538504219999,395276.70859740,95,56.94437700,373232.18235436,0
1538504220000,6552.20000000,6554.28000000,6549.05000000,6551.72000000,17.12743000,1538504279999,112205.61397524,108,6.89111000,45156.31785296,0
1538504280000,6550.00000000,6557.72000000,6548.45000000,6555.05000000,11.79910900,1538504339999,77328.99632014,121,7.07380800,46366.80432572,0
1538504340000,6555.05000000,6557.29000000,6551.83000000,6553.83000000,11.76445900,1538504399999,77102.63933102,101,5.51103300,36120.03383470,0
1538504400000,6554.91000000,6556.99000000,6549.18000000,6550.01000000,15.05659200,1538504459999,98677.15552859,85,6.42966100,42142.82199878,0
1538504460000,6552.29000000,6553.53000000,6548.51000000,6553.53000000,14.28249400,1538504519999,93577.37473218,102,12.72981800,83406.69868726,0
1538504520000,6553.53000000,6556.93000000,6553.00000000,6553.01000000,48.80561900,1538504579999,319863.25275634,114,45.83081000,300369.20594086,0
1538504580000,6554.92000000,6554.92000000,6550.25000000,6550.26000000,22.80979400,1538504639999,149460.26669414,82,21.71382300,142280.54735271,0
1538504640000,6550.26000000,6551.89000000,6545.01000000,6545.35000000,18.18886000,1538504699999,119057.17585175,123,12.65878500,82858.09638222,0
1538504700000,6545.35000000,6548.32000000,6545.03000000,6546.81000000,7.73814500,1538504759999,50652.01235566,59,4.65392900,30464.43582434,0
1538504760000,6545.03000000,6546.79000000,6540.59000000,6543.42000000,7.51063500,1538504819999,49149.66910978,64,3.21809200,21057.34579799,0
1538504820000,6543.00000000,6550.10000000,6540.65000000,6550.10000000,28.88398200,1538504879999,189073.13618551,117,19.68953000,128916.02474370,0
1538504880000,6550.03000000,6553.15000000,6547.08000000,6551.33000000,22.90749700,1538504939999,150030.61881701,135,13.57619100,88912.72263000,0
1538504940000,6551.24000000,6551.56000000,6545.69000000,6547.85000000,24.70434100,1538504999999,161756.47180956,91,5.68366100,37228.75671733,0
1538505000000,6547.85000000,6550.59000000,6545.76000000,6546.61000000,9.09697300,1538505059999,59552.62743030,65,6.58082100,43080.49364265,0
1538505060000,6546.61000000,6549.79000000,6545.77000000,6548.01000000,12.15519000,1538505119999,79578.18272328,105,6.34330700,41530.84446671,0
1538505120000,6548.01000000,6550.87000000,6548.01000000,6548.22000000,2.56676800,1538505179999,16810.83967093,60,1.29804500,8503.08033516,0
1538505180000,6550.81000000,6551.99000000,6548.24000000,6550.85000000,6.10325600,1538505239999,39978.02148510,76,3.01993900,19782.38578235,0
1538505240000,6550.86000000,6554.42000000,6548.83000000,6553.58000000,8.40642600,1538505299999,55074.45236007,111,3.90979400,25618.31283307,0
1538505300000,6553.54000000,6553.54000000,6550.95000000,6552.36000000,24.30761800,1538505359999,159263.39484863,115,16.75378100,109774.51017355,0
1538505360000,6552.10000000,6553.09000000,6552.09000000,6552.11000000,24.50594400,1538505419999,160572.39318880,104,15.46030800,101303.43667576,0
1538505420000,6552.24000000,6556.21000000,6552.11000000,6554.68000000,33.94632600,1538505479999,222485.07265976,100,22.63983300,148383.59718350,0
1538505480000,6554.69000000,6558.62000000,6552.01000000,6554.68000000,30.79131600,1538505539999,201844.47759277,111,17.17289600,112583.37386775,0
1538505540000,6555.71000000,6559.80000000,6554.67000000,6556.18000000,29.56921400,1538505599999,193898.96696544,127,14.11724800,92575.00310232,0
1538505600000,6556.19000000,6559.89000000,6554.62000000,6558.05000000,44.33634400,1538505659999,290786.50432918,141,36.14024000,237035.42673845,0
1538505660000,6559.75000000,6560.00000000,6552.05000000,6555.07000000,25.85597300,1538505719999,169533.56409282,122,7.60379300,49858.93892527,0
1538505720000,6554.09000000,6559.20000000,6553.10000000,6557.02000000,6.53389700,1538505779999,42839.52217872,67,3.71865300,24383.27167311,0
1538505780000,6557.02000000,6567.02000000,6557.02000000,6560.43000000,62.49187600,1538505839999,410149.08071453,279,36.56450200,239958.79590880,0
1538505840000,6562.97000000,6565.05000000,6560.42000000,6562.74000000,16.38793700,1538505899999,107527.15215284,74,8.80168200,57758.01595545,0
1538505900000,6562.74000000,6568.47000000,6562.68000000,6564.49000000,43.86429900,1538505959999,288022.42590284,157,35.15190000,230825.08516617,0
1538505960000,6564.14000000,6565.98000000,6558.96000000,6558.96000000,24.31224800,1538506019999,159571.21845872,135,15.71009700,103125.19756491,0
1538506020000,6562.90000000,6563.63000000,6558.30000000,6563.10000000,29.39686400,1538506079999,192909.03022372,108,23.83169200,156393.10071921,0
1538506080000,6563.30000000,6566.00000000,6560.57000000,6560.84000000,5.79792000,1538506139999,38050.73807715,97,2.13393300,14004.93984945,0
1538506140000,6563.00000000,6567.31000000,6557.40000000,6558.40000000,7.51073800,1538506199999,49275.41763775,107,4.71236700,30919.38714434,0
1538506200000,6559.05000000,6559.05000000,6554.74000000,6558.01000000,7.81880400,1538506259999,51264.95585640,101,2.84264400,18639.89348833,0
1538506260000,6557.08000000,6564.54000000,6555.21000000,6562.63000000,14.71694400,1538506319999,96547.26475443,124,11.28482900,74026.32189422,0
1538506320000,6563.52000000,6564.42000000,6561.12000000,6561.99000000,6.16442300,1538506379999,40454.48465313,89,4.79440100,31464.08582753,0
1538506380000,6561.68000000,6566.42000000,6561.38000000,6566.42000000,13.60818700,1538506439999,89318.19264337,110,11.16520000,73286.30305822,0
1538506440000,6566.69000000,6568.41000000,6565.09000000,6565.23000000,41.75791100,1538506499999,274186.49752589,96,20.87643000,137082.69148467,0
1538506500000,6566.01000000,6567.57000000,6565.26000000,6566.14000000,31.75928500,1538506559999,208541.32187227,77,11.81786900,77606.91776407,0
1538506560000,6566.85000000,6568.16000000,6565.24000000,6566.05000000,16.99649500,1538506619999,111607.54213369,104,9.20951600,60475.91225378,0
1538506620000,6566.05000000,6567.87000000,6564.13000000,6567.87000000,12.37128800,1538506679999,81227.19001728,77,8.08263400,53073.14174334,0
1538506680000,6565.90000000,6572.61000000,6565.90000000,6570.00000000,32.42896300,1538506739999,213062.48839409,165,28.47195700,187063.37703613,0
1538506740000,6571.39000000,6573.80000000,6568.94000000,6572.01000000,17.18415500,1538506799999,112928.51507347,120,12.75691800,83837.99986127,0
1538506800000,6571.03000000,6580.00000000,6571.03000000,6580.00000000,57.73794500,1538506859999,379610.64765289,337,47.60036500,312966.36015281,0
1538506860000,6580.00000000,6585.36000000,6576.50000000,6578.54000000,47.97144200,1538506919999,315723.94180384,338,29.32259600,192979.19368781,0
1538506920000,6579.26000000,6581.99000000,6576.31000000,6579.99000000,18.03831300,1538506979999,118675.76040815,117,6.10688000,40181.00975897,0
1538506980000,6579.49000000,6580.92000000,6574.52000000,6575.01000000,9.52657800,1538507039999,62662.03877723,131,4.65099300,30595.66067940,0
1538507040000,6575.00000000,6575.00000000,6568.14000000,6571.41000000,32.62311000,1538507099999,214401.22803388,148,20.20093200,132753.62736205,0
1538507100000,6574.51000000,6575.00000000,6571.56000000,6573.70000000,13.96163000,1538507159999,91780.15514990,94,10.20390700,67082.51998806,0
1538507160000,6573.32000000,6576.77000000,6570.06000000,6570.06000000,44.15814600,1538507219999,290272.66589862,128,31.16558200,204871.89171110,0
1538507220000,6572.12000000,6574.66000000,6565.86000000,6571.06000000,15.82579800,1538507279999,103973.78365790,146,10.08408800,66255.72223324,0
1538507280000,6571.05000000,6573.34000000,6569.30000000,6573.34000000,21.01440400,1538507339999,138118.59955189,150,17.52201900,115169.13089768,0
1538507340000,6573.35000000,6573.40000000,6565.20000000,6568.44000000,18.22971800,1538507399999,119782.96025363,93,6.74334600,44320.45999301,0
1538507400000,6568.44000000,6568.51000000,6566.50000000,6568.48000000,8.44249700,1538507459999,55452.22510792,138,7.70056000,50579.70689368,0
1538507460000,6568.43000000,6568.50000000,6565.03000000,6568.48000000,6.70910500,1538507519999,44056.60835607,113,3.15599400,20727.84972880,0
1538507520000,6568.48000000,6569.00000000,6565.87000000,6569.00000000,12.96692900,1538507579999,85171.50483616,81,11.90198000,78177.62753990,0
1538507580000,6568.96000000,6569.00000000,6566.92000000,6569.00000000,16.59272900,1538507639999,108988.98398744,123,12.56981400,82567.72069616,0
1538507640000,6568.08000000,6569.00000000,6566.76000000,6569.00000000,5.85005300,1538507699999,38421.04520145,97,3.22161900,21160.36926708,0
1538507700000,6569.00000000,6569.71000000,6566.00000000,6566.11000000,9.46069600,1538507759999,62130.75576929,111,3.91429100,25710.60873448,0
1538507760000,6566.03000000,6566.11000000,6561.03000000,6565.97000000,13.25775000,1538507819999,87005.28599777,153,4.03881300,26508.37626752,0
1538507820000,6561.79000000,6567.39000000,6558.92000000,6560.02000000,13.78807600,1538507879999,90457.34275469,103,6.07735400,39870.75966679,0
1538507880000,6560.02000000,6563.98000000,6558.00000000,6563.98000000,5.24023100,1538507939999,34378.13378490,105,4.62734500,30357.74944005,0
1538507940000,6563.64000000,6564.00000000,6563.28000000,6563.41000000,3.60472900,1538507999999,23659.95430593,87,2.32517200,15261.81063101,0
1538508000000,6563.65000000,6564.00000000,6558.01000000,6559.07000000,7.88552000,1538508059999,51748.35930932,90,1.65982200,10892.31612369,0
1538508060000,6558.02000000,6562.62000000,6556.00000000,6562.16000000,7.43587300,1538508119999,48773.17688834,106,5.49845200,36068.27925801,0
1538508120000,6562.09000000,6563.59000000,6560.00000000,6563.57000000,30.61316700,1538508179999,200905.97294804,88,22.20814400,145750.45793001,0
1538508180000,6563.59000000,6565.20000000,6560.80000000,6565.20000000,32.40484900,1538508239999,212710.09729847,114,29.77855800,195475.26917593,0
1538508240000,6565.20000000,6565.20000000,6563.23000000,6564.75000000,25.83276700,1538508299999,169583.99733118,90,14.26942500,93677.30077997,0
1538508300000,6564.42000000,6565.20000000,6564.00000000,6565.20000000,85.58874000,1538508359999,561870.89260041,120,41.04421300,269450.91551316,0
1538508360000,6565.24000000,6569.19000000,6565.24000000,6566.29000000,3.09829500,1538508419999,20349.85324282,85,2.68737500,17651.49440283,0
1538508420000,6567.02000000,6567.74000000,6563.17000000,6566.67000000,12.13052800,1538508479999,79634.00471420,170,4.89020200,32105.09282431,0
1538508480000,6566.67000000,6566.88000000,6563.13000000,6566.23000000,16.53358200,1538508539999,108544.98702098,87,8.09965600,53181.27571668,0
1538508540000,6566.88000000,6568.28000000,6564.17000000,6567.86000000,6.83812500,1538508599999,44906.24297852,88,3.94264600,25893.36153537,0
1538508600000,6565.27000000,6567.84000000,6561.23000000,6564.99000000,16.43707400,1538508659999,107911.79480980,112,9.14146000,60017.80782630,0
1538508660000,6564.98000000,6565.00000000,6560.56000000,6560.57000000,48.61752800,1538508719999,319098.49847320,102,36.93267900,242421.95004808,0
1538508720000,6560.56000000,6563.71000000,6560.00000000,6560.00000000,10.43831300,1538508779999,68478.26820780,94,4.92085600,32282.78440230,0
1538508780000,6560.29000000,6561.68000000,6560.00000000,6560.32000000,8.84382300,1538508839999,58022.82268273,106,7.03097700,46129.93951772,0
1538508840000,6561.61000000,6561.89000000,6560.00000000,6561.89000000,10.38587200,1538508899999,68137.70879822,110,5.55242600,36429.27058492,0
1538508900000,6560.96000000,6562.94000000,6560.04000000,6560.90000000,11.01396000,1538508959999,72265.62967180,101,7.24741500,47555.38192079,0
1538508960000,6560.07000000,6562.71000000,6557.49000000,6561.89000000,12.35556100,1538509019999,81048.88533777,106,8.65163400,56751.74279295,0
1538509020000,6561.50000000,6562.70000000,6558.96000000,6560.12000000,5.41676700,1538509079999,35546.53899664,67,4.87168400,31970.60840751,0
1538509080000,6560.14000000,6562.55000000,6560.14000000,6562.55000000,6.14045000,1538509139999,40294.50344032,74,4.77416800,31329.84576551,0
1538509140000,6560.55000000,6562.94000000,6560.54000000,6562.94000000,23.84592500,1538509199999,156460.14892566,108,15.19193800,99684.90737174,0
1538509200000,6562.71000000,6567.43000000,6562.71000000,6566.97000000,26.48540700,1538509259999,173921.61931615,84,20.14190400,132266.70315285,0
1538509260000,6566.99000000,6568.00000000,6564.89000000,6566.69000000,52.67800800,1538509319999,345894.87943592,78,27.11626800,178066.65862854,0
1538509320000,6563.87000000,6565.31000000,6561.52000000,6564.94000000,43.39373800,1538509379999,284832.17652284,105,30.11709600,197688.46184288,0
1538509380000,6564.92000000,6566.73000000,6560.85000000,6560.91000000,76.33269400,1538509439999,500936.74613539,90,60.86867300,399466.89664778,0
1538509440000,6560.85000000,6565.91000000,6560.85000000,6561.83000000,31.71856400,1538509499999,208138.09950971,64,15.96836700,104791.53188702,0
1538509500000,6561.87000000,6565.77000000,6561.80000000,6563.01000000,11.63371600,1538509559999,76354.89627898,61,6.87858100,45149.55307009,0
1538509560000,6563.06000000,6565.44000000,6563.01000000,6563.13000000,46.58921900,1538509619999,305788.83107802,77,24.38498400,160061.04326445,0
1538509620000,6563.13000000,6565.24000000,6563.13000000,6564.03000000,53.55385300,1538509679999,351535.16542370,85,29.73992000,195225.17917052,0
1538509680000,6564.52000000,6565.62000000,6564.00000000,6564.10000000,10.22995300,1538509739999,67153.14260846,105,5.36508900,35219.68215536,0
1538509740000,6564.86000000,6565.62000000,6564.07000000,6565.04000000,6.43248400,1538509799999,42227.35947392,82,2.30840400,15155.17452478,0
1538509800000,6565.33000000,6566.30000000,6562.08000000,6563.11000000,58.69080300,1538509859999,385299.65143313,110,45.34431800,297688.67811820,0
1538509860000,6566.26000000,6566.26000000,6563.12000000,6565.77000000,33.20948400,1538509919999,218042.48847677,55,32.89849800,216000.85583366,0
1538509920000,6565.63000000,6565.78000000,6563.12000000,6565.35000000,36.22901600,1538509979999,237859.73557251,61,35.60756900,233781.06065355,0
1538509980000,6565.35000000,6565.35000000,6563.33000000,6564.99000000,85.30307700,1538510039999,560002.09853963,96,85.04925000,558335.91003512,0
1538510040000,6565.00000000,6566.31000000,6564.14000000,6565.31000000,64.39882000,1538510099999,422803.79634737,89,55.61114200,365114.11079918,0
1538510100000,6565.06000000,6565.08000000,6560.00000000,6560.51000000,64.85674900,1538510159999,425670.04886060,100,55.48813100,364188.02738533,0
1538510160000,6560.00000000,6565.00000000,6558.73000000,6564.00000000,49.39842600,1538510219999,324073.95352956,91,36.04455600,236480.31121380,0
1538510220000,6564.00000000,6565.00000000,6560.00000000,6561.10000000,8.95144200,1538510279999,58738.83236965,45,3.05247200,20032.50988877,0
1538510280000,6561.11000000,6563.60000000,6560.00000000,6561.44000000,63.42146400,1538510339999,416107.03641761,80,13.26110500,87010.04132816,0
1538510340000,6561.43000000,6564.54000000,6558.80000000,6564.11000000,77.24901700,1538510399999,507029.09901083,62,75.90849500,498231.54815512,0
1538510400000,6562.69000000,6562.69000000,6559.00000000,6560.30000000,39.89333700,1538510459999,261726.35346748,85,39.01719500,255978.85876084,0
1538510460000,6560.09000000,6563.55000000,6559.00000000,6561.01000000,38.11571100,1538510519999,250080.73104956,86,32.44516700,212871.29843047,0
1538510520000,6563.41000000,6563.41000000,6557.92000000,6558.76000000,30.35370000,1538510579999,199103.39364635,129,17.56564200,115221.19284294,0
1538510580000,6559.20000000,6563.11000000,6558.77000000,6562.54000000,7.69838100,1538510639999,50509.67880761,65,5.63755900,36992.46222856,0
1538510640000,6562.54000000,6562.54000000,6561.10000000,6561.11000000,17.34594500,1538510699999,113813.86216127,125,8.72920400,57278.43113896,0
1538510700000,6561.10000000,6569.71000000,6561.10000000,6567.05000000,34.49235300,1538510759999,226447.67409566,170,28.38349300,186334.88115176,0
1538510760000,6567.06000000,6568.47000000,6566.39000000,6567.86000000,15.30870900,1538510819999,100541.43542892,152,8.92551500,58619.77858296,0
1538510820000,6567.78000000,6571.73000000,6567.77000000,6570.01000000,15.80701500,1538510879999,103844.26727843,131,7.80160500,51252.23660722,0
1538510880000,6570.98000000,6571.33000000,6563.57000000,6570.00000000,9.21989400,1538510939999,60550.07371713,87,4.11252800,27010.53551607,0
1538510940000,6570.02000000,6571.10000000,6566.76000000,6568.67000000,13.50480000,1538510999999,88725.92941066,89,8.70846500,57218.10852052,0
1538511000000,6568.67000000,6570.77000000,6566.46000000,6570.00000000,18.73600000,1538511059999,123079.51471620,136,11.41340600,74980.04029925,0
1538511060000,6570.00000000,6573.79000000,6567.22000000,6570.34000000,15.91511600,1538511119999,104563.60838401,154,10.01188900,65781.06240350,0
1538511120000,6567.29000000,6574.78000000,6567.29000000,6574.33000000,29.96871200,1538511179999,196971.20446885,106,23.43706800,154042.13181330,0
1538511180000,6574.59000000,6576.15000000,6572.41000000,6572.90000000,15.55983400,1538511239999,102296.19416808,120,5.06622700,33307.31920295,0
1538511240000,6573.84000000,6576.12000000,6572.90000000,6575.47000000,13.04456600,1538511299999,85765.29416574,81,7.48146100,49192.13940989,0
1538511300000,6575.48000000,6576.17000000,6572.89000000,6576.17000000,20.18816500,1538511359999,132737.65491215,93,17.93634300,117934.11677725,0
1538511360000,6576.16000000,6576.17000000,6573.31000000,6575.99000000,4.61335800,1538511419999,30335.68226470,52,4.38124300,28809.76609080,0
1538511420000,6573.67000000,6575.98000000,6573.57000000,6573.59000000,4.97642700,1538511479999,32718.63577334,83,1.83279200,12051.51073477,0
1538511480000,6573.62000000,6573.66000000,6572.89000000,6573.66000000,9.85461600,1538511539999,64779.79591777,83,6.14319800,40382.63106727,0
1538511540000,6573.65000000,6575.82000000,6573.57000000,6573.58000000,14.37632400,1538511599999,94509.10636986,81,8.12533800,53417.62779160,0
1538511600000,6573.62000000,6576.77000000,6573.57000000,6576.61000000,11.75392000,1538511659999,77284.66723913,54,10.03669200,65996.24909319,0
1538511660000,6576.61000000,6576.77000000,6573.91000000,6574.09000000,7.96794100,1538511719999,52391.58328233,71,7.24178600,47617.77489602,0
1538511720000,6574.09000000,6575.99000000,6572.47000000,6574.36000000,27.40864900,1538511779999,180185.56477266,86,15.44828700,101562.26417620,0
1538511780000,6574.05000000,6576.00000000,6574.05000000,6574.12000000,68.58602800,1538511839999,450921.43720153,94,34.95834000,229842.21411780,0
1538511840000,6574.12000000,6575.83000000,6569.42000000,6572.35000000,45.43451600,1538511899999,298624.79819392,109,26.14340600,171815.77517130,0
1538511900000,6572.58000000,6572.69000000,6565.45000000,6567.81000000,29.89013800,1538511959999,196321.27324812,89,27.46178700,180367.83376161,0
1538511960000,6565.54000000,6572.04000000,6565.45000000,6571.65000000,56.42575500,1538512019999,370634.40997395,116,44.81992700,294388.87554181,0
1538512020000,6571.67000000,6571.96000000,6566.00000000,6568.55000000,33.14457800,1538512079999,217775.42369689,89,25.65463500,168565.56134231,0
1538512080000,6568.30000000,6568.90000000,6565.00000000,6566.40000000,34.55252500,1538512139999,226952.81944331,75,31.14411500,204572.92999669,0
1538512140000,6564.74000000,6565.00000000,6561.78000000,6564.97000000,43.13529500,1538512199999,283144.99443485,111,40.92028600,268606.69400128,0
1538512200000,6563.27000000,6566.00000000,6563.00000000,6565.86000000,45.77974300,1538512259999,300541.08515762,67,43.99841600,288848.29295421,0
1538512260000,6565.84000000,6565.84000000,6561.78000000,6561.78000000,10.84076200,1538512319999,71166.89569977,55,7.89092000,51810.23376544,0
1538512320000,6563.11000000,6564.01000000,6561.78000000,6563.88000000,63.40999200,1538512379999,416211.24905625,91,61.94857400,406620.40092546,0
1538512380000,6563.88000000,6567.92000000,6562.99000000,6567.92000000,27.08949900,1538512439999,177880.74723367,148,25.70652000,168801.21274280,0
1538512440000,6567.18000000,6568.00000000,6566.30000000,6567.25000000,28.98000000,1538512499999,190325.72794683,120,28.21630100,185310.10807817,0
1538512500000,6567.99000000,6569.95000000,6567.01000000,6569.95000000,37.57643200,1538512559999,246822.46766467,117,36.58918900,240338.50195092,0
1538512560000,6568.00000000,6569.99000000,6567.90000000,6568.99000000,14.76512000,1538512619999,96996.78707812,96,14.56506800,95682.53476826,0
1538512620000,6569.00000000,6570.24000000,6568.00000000,6570.24000000,6.91392600,1538512679999,45421.91554061,124,6.65260200,43705.41520285,0
1538512680000,6569.91000000,6570.50000000,6569.00000000,6569.97000000,7.33570100,1538512739999,48197.60349355,131,6.54267100,42987.18711718,0
1538512740000,6569.97000000,6569.97000000,6567.00000000,6568.25000000,6.94932500,1538512799999,45649.68834086,117,4.50694500,29607.80091319,0
1538512800000,6568.25000000,6569.97000000,6567.16000000,6569.93000000,4.18559500,1538512859999,27494.89271372,100,3.21339100,21109.47223907,0
1538512860000,6569.91000000,6569.97000000,6567.60000000,6567.99000000,6.51110500,1538512919999,42773.78806767,121,5.43517500,35706.89257829,0
1538512920000,6567.60000000,6567.99000000,6564.00000000,6566.30000000,5.96838000,1538512979999,39191.46696165,102,2.80035300,18388.33299542,0
1538512980000,6566.30000000,6569.96000000,6564.10000000,6566.42000000,13.11132000,1538513039999,86105.16487866,95,8.63264200,56699.41328326,0
1538513040000,6567.08000000,6569.77000000,6564.38000000,6568.85000000,6.06820600,1538513099999,39852.99524128,77,3.33249900,21887.88947251,0
1538513100000,6568.85000000,6569.00000000,6566.90000000,6566.91000000,17.71816900,1538513159999,116372.90056811,94,11.45191000,75220.30175253,0
1538513160000,6566.90000000,6569.00000000,6566.90000000,6567.35000000,10.45600800,1538513219999,68672.47123698,82,6.43448200,42262.67291599,0
1538513220000,6568.17000000,6570.40000000,6567.35000000,6570.26000000,13.96124100,1538513279999,91722.61532246,121,10.28724100,67585.54854639,0
1538513280000,6570.40000000,6571.42000000,6568.99000000,6571.00000000,9.46373000,1538513339999,62179.84586956,111,4.12100400,27077.36617377,0
1538513340000,6570.40000000,6571.42000000,6569.80000000,6571.39000000,6.65500500,1538513399999,43730.20359882,73,5.12965800,33707.32732331,0
1538513400000,6571.42000000,6571.42000000,6564.84000000,6564.96000000,17.48187800,1538513459999,114805.00480905,125,4.96526300,32607.23608687,0
1538513460000,6564.96000000,6565.01000000,6557.16000000,6562.19000000,33.73111200,1538513519999,221322.77368507,154,17.43545600,114398.63837038,0
1538513520000,6562.19000000,6562.20000000,6560.13000000,6561.00000000,27.45887500,1538513579999,180167.03229178,108,14.65125200,96136.79884068,0
1538513580000,6561.00000000,6561.00000000,6551.89000000,6556.05000000,40.69126700,1538513639999,266837.40590136,126,26.53827800,174025.01963754,0
1538513640000,6553.47000000,6557.51000000,6553.42000000,6556.06000000,11.27780300,1538513699999,73916.48976951,93,1.77671700,11647.46094455,0
1538513700000,6556.06000000,6560.40000000,6556.06000000,6559.55000000,6.61165000,1538513759999,43359.44086706,38,4.58059000,30040.34161096,0
1538513760000,6559.55000000,6559.55000000,6556.08000000,6558.37000000,2.64889600,1538513819999,17372.17187997,43,0.65481000,4295.08477631,0
1538513820000,6558.37000000,6562.28000000,6557.67000000,6560.81000000,3.10915700,1538513879999,20394.51041176,60,1.88173300,12344.79660614,0
1538513880000,6560.81000000,6562.28000000,6559.93000000,6560.81000000,2.82659500,1538513939999,18544.04994690,61,1.16565500,7647.57556587,0
1538513940000,6559.96000000,6562.28000000,6559.00000000,6562.28000000,4.89853700,1538513999999,32140.38409333,36,3.17781200,20852.94692420,0
1538514000000,6561.16000000,6563.79000000,6560.00000000,6560.00000000,7.34926800,1538514059999,48224.21864921,77,4.37930800,28736.54402795,0
1538514060000,6559.22000000,6561.13000000,6552.04000000,6557.55000000,14.62354500,1538514119999,95864.26712530,114,8.97729300,58854.48529751,0
1538514120000,6554.57000000,6558.37000000,6554.57000000,6554.93000000,3.97809600,1538514179999,26083.71831176,48,2.94034600,19281.50962948,0
1538514180000,6554.93000000,6557.37000000,6552.00000000,6552.66000000,3.68423000,1538514239999,24150.29671791,71,2.26294800,14835.90037521,0
1538514240000,6555.99000000,6559.10000000,6552.70000000,6558.77000000,6.42076000,1538514299999,42099.44346362,72,3.92772400,25754.54131027,0
1538514300000,6558.76000000,6558.76000000,6553.24000000,6556.40000000,5.05808600,1538514359999,33159.02949726,45,0.73137500,4795.27105028,0
1538514360000,6553.89000000,6556.40000000,6553.89000000,6556.39000000,2.55368300,1538514419999,16738.93238211,55,1.04761600,6868.22381599,0
1538514420000,6556.39000000,6556.39000000,6552.00000000,6554.04000000,10.85398000,1538514479999,71134.39068323,76,3.51493500,23037.14720843,0
1538514480000,6554.05000000,6554.73000000,6552.00000000,6552.00000000,2.93997500,1538514539999,19265.07255280,47,2.08403200,13656.90800131,0
1538514540000,6552.00000000,6554.70000000,6551.00000000,6553.99000000,8.45801900,1538514599999,55411.61564983,71,2.04833400,13421.70465361,0
1538514600000,6553.99000000,6553.99000000,6551.13000000,6551.51000000,6.98741500,1538514659999,45783.85532307,88,5.66617500,37127.95312892,0
1538514660000,6551.51000000,6553.94000000,6551.00000000,6551.51000000,21.53268300,1538514719999,141070.40578231,112,4.19057600,27460.90334535,0
1538514720000,6551.51000000,6554.73000000,6551.50000000,6554.73000000,6.36504200,1538514779999,41707.45003678,84,3.37472000,22116.22453128,0
1538514780000,6553.90000000,6556.33000000,6552.05000000,6553.05000000,5.76795400,1538514839999,37803.62668023,83,2.25230100,14764.22734899,0
1538514840000,6556.20000000,6556.20000000,6552.01000000,6553.07000000,9.44758900,1538514899999,61927.48764772,93,6.17956500,40513.42911345,0
1538514900000,6556.02000000,6556.03000000,6552.06000000,6553.10000000,2.54646000,1538514959999,16690.34303615,69,1.35081100,8855.61268389,0
1538514960000,6553.10000000,6561.00000000,6553.10000000,6559.10000000,16.12685100,1538515019999,105743.07088238,102,15.01680600,98466.46404063,0
1538515020000,6559.94000000,6561.00000000,6558.37000000,6561.00000000,5.61016000,1538515079999,36801.91575832,52,3.64357100,23903.79682594,0
1538515080000,6559.94000000,6561.88000000,6559.94000000,6561.88000000,8.17467200,1538515139999,53637.09462898,39,7.30686400,47944.28068326,0
1538515140000,6561.88000000,6562.87000000,6560.00000000,6562.87000000,6.96051000,1538515199999,45675.51223639,64,5.79625100,38037.51851990,0
1538515200000,6561.89000000,6562.87000000,6561.88000000,6561.88000000,6.20535200,1538515259999,40722.61191226,48,2.11068600,13852.15782882,0
1538515260000,6562.87000000,6565.00000000,6560.03000000,6564.11000000,23.04577900,1538515319999,151248.41732419,94,12.82041600,84146.07637097,0
1538515320000,6562.57000000,6562.58000000,6561.01000000,6561.07000000,1.87787200,1538515379999,12322.40894358,34,1.04471800,6856.04335897,0
1538515380000,6562.58000000,6563.21000000,6561.07000000,6563.21000000,6.41749400,1538515439999,42114.21029706,36,1.70801900,11209.17981289,0
1538515440000,6561.75000000,6569.85000000,6560.01000000,6565.99000000,16.41846100,1538515499999,107755.69236263,102,9.17937900,60256.67232538,0
1538515500000,6564.00000000,6566.45000000,6563.24000000,6566.45000000,1.57576100,1538515559999,10345.85645204,39,1.11728300,7336.47630734,0
1538515560000,6564.27000000,6566.45000000,6564.27000000,6564.31000000,6.52590900,1538515619999,42848.80466631,43,5.96404400,39160.36443282,0
1538515620000,6565.98000000,6566.53000000,6563.22000000,6563.23000000,3.35246500,1538515679999,22007.97749319,43,2.07296700,13609.08936287,0
1538515680000,6563.24000000,6566.53000000,6563.24000000,6566.53000000,6.33447600,1538515739999,41592.30440465,48,5.38579000,35365.74592267,0
1538515740000,6566.67000000,6566.67000000,6564.00000000,6565.00000000,2.44117500,1538515799999,16025.01510986,31,0.19429400,1275.75249158,0
1538515800000,6565.00000000,6570.29000000,6564.01000000,6565.07000000,9.36521200,1538515859999,61519.22247615,58,4.86014600,31927.97223771,0
1538515860000,6569.96000000,6569.99000000,6565.04000000,6566.05000000,2.31147100,1538515919999,15178.01696297,43,0.47199300,3100.87352421,0
1538515920000,6566.05000000,6570.26000000,6566.05000000,6567.05000000,7.16660300,1538515979999,47076.14212222,47,1.98361900,13032.55390790,0
1538515980000,6567.07000000,6571.42000000,6567.00000000,6571.41000000,3.34403100,1538516039999,21967.32034861,46,1.92297300,12632.60518043,0
1538516040000,6567.25000000,6571.42000000,6567.25000000,6568.79000000,2.62929100,1538516099999,17271.54647649,64,0.52425000,3444.83179687,0
1538516100000,6571.39000000,6571.39000000,6567.22000000,6570.22000000,3.73556500,1538516159999,24539.87844691,33,0.63707200,4186.17859623,0
1538516160000,6567.00000000,6569.97000000,6564.82000000,6568.62000000,4.68843400,1538516219999,30782.98192046,64,1.12955500,7417.20638222,0
1538516220000,6566.08000000,6568.60000000,6564.00000000,6564.82000000,1.15268000,1538516279999,7567.75871834,31,0.13088600,859.72470255,0
1538516280000,6564.82000000,6568.36000000,6564.00000000,6564.85000000,1.22981000,1538516339999,8074.31836088,36,0.64179600,4214.55241890,0
1538516340000,6566.99000000,6567.00000000,6564.00000000,6566.00000000,0.95209400,1538516399999,6251.31908166,25,0.59513500,3908.06678757,0
1538516400000,6564.00000000,6566.00000000,6564.00000000,6564.01000000,2.95115200,1538516459999,19374.21181385,34,1.22712000,8057.19783186,0
1538516460000,6564.01000000,6568.15000000,6564.01000000,6565.00000000,1.66217800,1538516519999,10913.92463410,33,0.85883300,5639.98324524,0
1538516520000,6564.03000000,6565.00000000,6564.00000000,6565.00000000,3.10579800,1538516579999,20387.02515800,28,0.55424900,3638.64468500,0
1538516580000,6564.00000000,6565.00000000,6561.83000000,6561.83000000,5.39132600,1538516639999,35386.95340776,48,2.44005500,16016.22820521,0
1538516640000,6562.50000000,6564.99000000,6560.57000000,6563.99000000,1.64416000,1538516699999,10789.56122545,17,0.90035600,5909.38770907,0
1538516700000,6563.99000000,6565.00000000,6561.01000000,6565.00000000,1.58124900,1538516759999,10379.02483659,41,1.40067700,9194.23339141,0
1538516760000,6563.00000000,6568.06000000,6562.60000000,6566.99000000,0.97264000,1538516819999,6386.39077661,22,0.72479000,4759.20809085,0
1538516820000,6566.99000000,6566.99000000,6560.60000000,6560.61000000,5.64460500,1538516879999,37049.56897418,34,0.70659600,4639.37692971,0
1538516880000,6560.61000000,6563.99000000,6560.32000000,6563.43000000,5.44972300,1538516939999,35759.07546219,50,5.04108800,33078.20528387,0
1538516940000,6560.44000000,6564.00000000,6560.36000000,6560.41000000,3.02524200,1538516999999,19847.32711458,29,0.19186800,1259.31192778,0
1538517000000,6562.00000000,6563.12000000,6560.31000000,6560.53000000,13.37599800,1538517059999,87775.06989404,47,0.61588200,4041.02606842,0
1538517060000,6560.53000000,6563.04000000,6560.35000000,6563.02000000,4.41690100,1538517119999,28978.02468407,49,2.28452900,14988.50142245,0
1538517120000,6563.08000000,6563.09000000,6560.62000000,6563.08000000,1.61799400,1538517179999,10618.71132684,29,1.36820900,8979.66987664,0
1538517180000,6563.09000000,6563.09000000,6561.01000000,6563.09000000,1.89528700,1538517239999,12437.77561934,37,1.31740300,8646.21796860,0
1538517240000,6563.09000000,6563.12000000,6561.01000000,6561.02000000,1.65707600,1538517299999,10873.28479937,33,0.49986700,3280.67227868,0
1538517300000,6563.12000000,6567.32000000,6561.02000000,6567.24000000,3.78052700,1538517359999,24815.78661171,52,1.92825400,12656.06761377,0
1538517360000,6566.00000000,6567.33000000,6565.00000000,6567.20000000,4.17492800,1538517419999,27416.04978882,69,1.70827500,11218.65982343,0
1538517420000,6567.20000000,6567.28000000,6565.00000000,6567.19000000,2.47042400,1538517479999,16222.82041279,49,0.47333000,3108.47679561,0
1538517480000,6567.19000000,6569.00000000,6567.19000000,6567.19000000,2.13236400,1538517539999,14004.93599433,48,0.45990800,3020.73649484,0
1538517540000,6569.00000000,6571.39000000,6568.00000000,6570.22000000,1.65530800,1538517599999,10875.09303647,32,1.40130700,9206.57245471,0
1538517600000,6570.22000000,6572.64000000,6570.00000000,6570.02000000,6.47489400,1538517659999,42551.21909005,82,3.75603100,24685.83241452,0
1538517660000,6570.02000000,6572.34000000,6570.00000000,6570.00000000,4.19088600,1538517719999,27536.81357544,44,1.69637000,11147.67615277,0
1538517720000,6570.00000000,6574.66000000,6566.14000000,6568.39000000,17.29269200,1538517779999,113624.67840612,76,5.78760400,38039.73456616,0
1538517780000,6574.44000000,6574.46000000,6568.52000000,6571.35000000,17.40599300,1538517839999,114427.14383607,54,12.56027800,82575.71779997,0
1538517840000,6573.97000000,6574.20000000,6570.24000000,6573.95000000,4.06116500,1538517899999,26693.37681221,66,1.31398300,8638.23863769,0
1538517900000,6573.95000000,6574.15000000,6570.26000000,6570.40000000,12.38820600,1538517959999,81437.10279572,52,10.89339100,71612.53008914,0
1538517960000,6570.40000000,6575.00000000,6570.40000000,6574.91000000,11.27359700,1538518019999,74096.61522890,70,1.06123700,6977.04938034,0
1538518020000,6574.91000000,6576.00000000,6573.18000000,6575.99000000,1.33551400,1538518079999,8781.12943934,62,1.21874900,8013.54325157,0
1538518080000,6573.82000000,6576.00000000,6573.82000000,6575.99000000,1.81277200,1538518139999,11918.99358106,53,0.67671700,4449.69165908,0
1538518140000,6576.00000000,6578.57000000,6576.00000000,6576.09000000,3.15328300,1538518199999,20738.81418157,48,2.72179300,17901.30667911,0
1538518200000,6576.09000000,6578.54000000,6574.63000000,6576.24000000,2.95804000,1538518259999,19453.03967654,33,0.28036200,1844.27002544,0
1538518260000,6576.24000000,6585.83000000,6576.20000000,6584.76000000,51.77726800,1538518319999,340735.72121420,159,41.97933900,276272.80466994,0
1538518320000,6580.40000000,6585.39000000,6576.28000000,6579.99000000,12.04510300,1538518379999,79270.02565144,69,5.23242700,34440.64796847,0
1538518380000,6579.99000000,6582.78000000,6579.99000000,6580.01000000,9.88031100,1538518439999,65033.65712669,50,8.14427400,53610.53898414,0
1538518440000,6580.01000000,6582.00000000,6577.53000000,6577.54000000,3.60485700,1538518499999,23721.05841848,65,2.61077100,17181.09373161,0
1538518500000,6579.95000000,6579.95000000,6576.33000000,6576.33000000,3.07229600,1538518559999,20206.19700615,43,0.48067700,3162.18105788,0
1538518560000,6576.24000000,6576.99000000,6573.53000000,6576.99000000,10.00280200,1538518619999,65780.32260060,47,8.33664300,54824.61003443,0
1538518620000,6573.58000000,6578.98000000,6573.42000000,6577.83000000,4.66568100,1538518679999,30678.34878912,46,3.35829400,22084.24428871,0
1538518680000,6573.49000000,6579.00000000,6573.49000000,6577.00000000,2.90795700,1538518739999,19125.91085991,33,2.25721200,14847.54805528,0
1538518740000,6577.00000000,6578.99000000,6574.09000000,6578.95000000,2.27361400,1538518799999,14949.52824964,18,0.20460500,1346.06134566,0
1538518800000,6575.96000000,6578.99000000,6575.96000000,6578.99000000,0.49599900,1538518859999,3262.77978286,18,0.35705400,2349.05459878,0
1538518860000,6578.99000000,6578.99000000,6575.93000000,6576.53000000,1.97601600,1538518919999,12995.63834985,34,0.77074100,5068.87378029,0
1538518920000,6576.53000000,6578.92000000,6576.53000000,6578.92000000,2.35186300,1538518979999,15468.11534201,39,1.50021700,9867.23893718,0
1538518980000,6577.00000000,6578.91000000,6574.00000000,6576.52000000,5.92762300,1538519039999,38982.56471902,46,3.59806200,23665.31716271,0
1538519040000,6574.01000000,6578.92000000,6570.91000000,6574.99000000,10.92730100,1538519099999,71849.52279828,68,4.27686700,28129.47642908,0
1538519100000,6574.99000000,6576.53000000,6571.32000000,6575.90000000,7.19209300,1538519159999,47286.57654641,76,5.10264300,33551.33867499,0
1538519160000,6571.58000000,6576.53000000,6571.58000000,6575.98000000,3.89435500,1538519219999,25605.35361145,37,2.33903800,15382.73167983,0
1538519220000,6575.98000000,6579.01000000,6573.08000000,6579.01000000,9.16341200,1538519279999,60276.17848154,48,8.65497900,56931.59495338,0
1538519280000,6579.02000000,6581.93000000,6578.94000000,6581.92000000,3.19834100,1538519339999,21045.01924186,52,2.07197900,13634.02968163,0
1538519340000,6581.93000000,6581.97000000,6579.30000000,6581.97000000,0.75206900,1538519399999,4949.18562209,21,0.41772000,2749.38572255,0
1538519400000,6579.49000000,6582.76000000,6576.07000000,6577.01000000,11.49122600,1538519459999,75618.30253979,64,0.66782800,4395.16546992,0
1538519460000,6579.77000000,6580.10000000,6577.01000000,6577.03000000,2.28492800,1538519519999,15032.27308897,28,0.88103800,5797.00175312,0
1538519520000,6577.03000000,6581.88000000,6577.03000000,6581.88000000,14.67819400,1538519579999,96570.83268690,44,3.33913800,21972.13745921,0
1538519580000,6581.77000000,6581.77000000,6577.08000000,6577.16000000,2.01501500,1538519639999,13256.21884154,23,0.97240700,6398.79800427,0
1538519640000,6577.17000000,6579.97000000,6577.00000000,6577.27000000,17.35877500,1538519699999,114204.17271654,55,11.58425400,76223.87237885,0
1538519700000,6579.89000000,6579.90000000,6576.41000000,6579.90000000,12.81986400,1538519759999,84347.42478407,60,6.89336900,45357.36121950,0
1538519760000,6576.42000000,6580.00000000,6575.35000000,6575.35000000,5.11281700,1538519819999,33629.88281853,62,1.78289100,11730.98838680,0
1538519820000,6578.58000000,6578.59000000,6575.42000000,6576.03000000,4.33076900,1538519879999,28488.34185045,42,1.51960600,9996.70574550,0
1538519880000,6576.03000000,6582.77000000,6575.97000000,6582.74000000,21.09754600,1538519939999,138807.13633683,83,9.81242400,64559.23536980,0
1538519940000,6582.75000000,6582.77000000,6575.35000000,6579.20000000,10.09840400,1538519999999,66440.21031718,95,2.25651000,14852.62521477,0
1538520000000,6575.36000000,6582.57000000,6575.35000000,6579.00000000,6.42680900,1538520059999,42279.16533012,63,2.21001200,14540.41376851,0
1538520060000,6579.39000000,6579.39000000,6575.35000000,6578.91000000,2.23869900,1538520119999,14723.62439915,50,0.54507300,3585.34618447,0
1538520120000,6575.38000000,6578.87000000,6575.38000000,6575.40000000,5.43772600,1538520179999,35758.16265914,34,3.86269100,25401.11946853,0
1538520180000,6578.47000000,6578.47000000,6571.75000000,6574.95000000,7.25976800,1538520239999,47731.74779892,50,4.15845800,27340.98176683,0
1538520240000,6572.05000000,6575.00000000,6572.05000000,6572.32000000,3.95422300,1538520299999,25993.84436398,36,2.07782500,13661.61838663,0
1538520300000,6572.33000000,6574.99000000,6569.00000000,6574.99000000,7.89632600,1538520359999,51896.61849179,56,5.94069300,39045.85949024,0
1538520360000,6574.98000000,6575.00000000,6571.71000000,6574.99000000,6.09344500,1538520419999,40061.23168333,51,4.69877700,30894.40965849,0
1538520420000,6574.99000000,6579.00000000,6573.81000000,6573.81000000,4.85682200,1538520479999,31936.16856784,61,2.87046300,18875.31902204,0
1538520480000,6575.97000000,6578.94000000,6569.00000000,6573.77000000,10.18051400,1538520539999,66908.54882485,59,2.50282000,16459.45602250,0
1538520540000,6573.77000000,6579.33000000,6573.06000000,6575.20000000,6.66448900,1538520599999,43835.60134765,58,5.25927000,34597.60330920,0
1538520600000,6575.22000000,6579.33000000,6575.09000000,6576.10000000,16.50797600,1538520659999,108597.15943155,30,1.96006100,12893.38401105,0
1538520660000,6579.32000000,6582.11000000,6573.34000000,6573.36000000,3.43900900,1538520719999,22623.49768834,56,2.08119800,13693.60883780,0
1538520720000,6576.12000000,6582.06000000,6573.36000000,6576.14000000,8.10472500,1538520779999,53304.71807951,54,3.88569300,25564.95429228,0
1538520780000,6581.20000000,6581.20000000,6576.07000000,6579.98000000,3.69584500,1538520839999,24312.78776790,51,1.59712400,10509.45391232,0
1538520840000,6579.99000000,6586.00000000,6578.19000000,6580.04000000,6.40092500,1538520899999,42136.83293882,66,5.09370200,33535.72227611,0
1538520900000,6583.93000000,6583.93000000,6577.70000000,6577.71000000,4.01914400,1538520959999,26450.50399491,59,2.00398000,13190.80241772,0
1538520960000,6580.03000000,6580.04000000,6577.71000000,6577.85000000,1.53661900,1538521019999,10110.61043064,20,1.36294000,8968.19046629,0
1538521020000,6577.91000000,6583.50000000,6577.91000000,6581.63000000,2.51669300,1538521079999,16561.04039827,33,1.67141300,11000.76400231,0
1538521080000,6578.05000000,6581.63000000,6578.00000000,6578.17000000,0.83139400,1538521139999,5469.28051790,34,0.32225000,2120.09746708,0
1538521140000,6581.56000000,6581.56000000,6573.49000000,6577.28000000,35.68107600,1538521199999,234677.94626803,85,2.29174100,15074.01049405,0
1538521200000,6577.28000000,6581.34000000,6573.64000000,6577.04000000,12.84175400,1538521259999,84489.00945794,89,7.44253300,48968.33015245,0
1538521260000,6579.79000000,6579.85000000,6573.44000000,6575.00000000,6.53960900,1538521319999,43018.04275677,60,4.78506700,31479.44689431,0
1538521320000,6572.59000000,6577.69000000,6569.26000000,6569.26000000,9.79747000,1538521379999,64407.69715869,69,3.94151600,25923.25993583,0
1538521380000,6569.27000000,6575.37000000,6569.00000000,6571.95000000,21.34885600,1538521439999,140259.98885294,97,3.57328800,23485.52640326,0
1538521440000,6571.95000000,6575.25000000,6569.03000000,6570.95000000,12.53115000,1538521499999,82327.06190255,103,2.59946000,17083.32268281,0
1538521500000,6570.95000000,6575.02000000,6561.24000000,6563.28000000,10.40012300,1538521559999,68305.51256089,110,2.05475900,13493.82042156,0
1538521560000,6563.38000000,6571.06000000,6563.38000000,6567.61000000,18.22265900,1538521619999,119641.52700198,64,2.60454700,17109.43770696,0
1538521620000,6570.94000000,6577.72000000,6565.01000000,6567.98000000,13.35922000,1538521679999,87781.38275050,87,8.55513800,56230.47751296,0
1538521680000,6570.44000000,6570.44000000,6565.01000000,6566.62000000,9.79000300,1538521739999,64276.33445423,24,0.63609700,4179.39412058,0
1538521740000,6570.31000000,6570.33000000,6566.17000000,6568.49000000,4.06565100,1538521799999,26707.41281420,41,0.71834600,4719.60933158,0
1538521800000,6566.22000000,6570.30000000,6566.01000000,6568.44000000,1.86921300,1538521859999,12276.72571707,54,1.31984500,8669.42532138,0
1538521860000,6570.29000000,6570.30000000,6568.44000000,6570.30000000,2.67011300,1538521919999,17543.27579641,33,2.29163100,15056.65677373,0
1538521920000,6570.30000000,6570.31000000,6566.59000000,6570.13000000,2.35740500,1538521979999,15486.00473406,57,0.73420500,4823.94458523,0
1538521980000,6570.04000000,6570.04000000,6566.59000000,6568.66000000,3.91190000,1538522039999,25696.40550481,62,3.30025100,21679.89162158,0
1538522040000,6568.66000000,6572.93000000,6566.64000000,6572.93000000,3.27123400,1538522099999,21489.77902244,54,2.52894300,16615.32229983,0
1538522100000,6572.93000000,6572.93000000,6567.73000000,6569.48000000,21.29820800,1538522159999,139916.00308837,39,2.91100800,19127.96619492,0
1538522160000,6570.05000000,6572.92000000,6570.05000000,6572.85000000,1.24585800,1538522219999,8188.28594564,27,1.03193400,6782.75343311,0
1538522220000,6570.37000000,6572.93000000,6570.37000000,6570.71000000,4.15406500,1538522279999,27300.91156298,45,2.66590700,17522.69880166,0
1538522280000,6572.80000000,6575.67000000,6570.72000000,6571.17000000,1.39034200,1538522339999,9140.58464978,31,1.33576300,8781.95276165,0
1538522340000,6573.18000000,6575.14000000,6571.17000000,6574.99000000,1.95763200,1538522399999,12866.62140961,32,1.37370800,9029.31572461,0
1538522400000,6574.92000000,6575.00000000,6567.11000000,6567.11000000,9.16586400,1538522459999,60229.99843634,68,3.64910600,23981.65177818,0
1538522460000,6567.12000000,6570.76000000,6564.93000000,6566.69000000,4.62164100,1538522519999,30352.80987701,54,2.89653100,19025.05444354,0
1538522520000,6567.06000000,6573.99000000,6565.00000000,6567.58000000,6.80103500,1538522579999,44663.29511523,47,0.88674300,5827.98601278,0
1538522580000,6567.58000000,6570.00000000,6565.02000000,6567.06000000,6.92500200,1538522639999,45478.94012947,107,3.07548800,20198.44987728,0
1538522640000,6567.07000000,6573.64000000,6566.00000000,6570.10000000,2.73497100,1538522699999,17963.32651630,37,0.68208500,4481.02046577,0
1538522700000,6569.00000000,6569.00000000,6562.05000000,6562.13000000,7.51388400,1538522759999,49327.26183992,62,3.13497300,20587.58187407,0
1538522760000,6562.16000000,6567.47000000,6561.01000000,6565.28000000,9.54103900,1538522819999,62610.25521132,68,3.95711900,25969.27423195,0
1538522820000,6565.27000000,6565.27000000,6560.07000000,6560.13000000,12.90028000,1538522879999,84636.71585222,75,4.01379500,26338.80734441,0
1538522880000,6560.13000000,6564.93000000,6559.94000000,6559.94000000,8.46645200,1538522939999,55540.96231162,51,1.08048500,7089.02514284,0
1538522940000,6559.94000000,6565.19000000,6556.24000000,6560.05000000,10.12535600,1538522999999,66422.51230561,110,6.54323600,42929.26788733,0
1538523000000,6563.71000000,6563.71000000,6557.14000000,6560.14000000,4.46543000,1538523059999,29292.59398919,63,1.50317800,9862.01941136,0
1538523060000,6560.00000000,6565.00000000,6560.00000000,6565.00000000,4.19840900,1538523119999,27556.52619623,75,1.85132000,12152.38087650,0
1538523120000,6565.00000000,6565.00000000,6561.00000000,6561.03000000,2.45226200,1538523179999,16091.48979009,54,0.39010500,2560.70136098,0
1538523180000,6564.92000000,6564.92000000,6559.01000000,6563.62000000,1.88109900,1538523239999,12340.59035879,34,0.16850000,1105.95141624,0
1538523240000,6563.61000000,6563.61000000,6559.02000000,6559.06000000,2.20427900,1538523299999,14459.51128747,20,0.12107600,794.69564436,0
1538523300000,6563.47000000,6563.47000000,6559.04000000,6561.97000000,6.32593300,1538523359999,41494.32643796,41,3.88162900,25462.00459955,0
1538523360000,6559.16000000,6561.87000000,6557.03000000,6557.05000000,11.14193300,1538523419999,73090.39135719,46,8.98828400,58967.31997595,0
1538523420000,6559.97000000,6562.23000000,6557.05000000,6557.08000000,18.03315600,1538523479999,118310.82189243,49,15.62880700,102538.88595287,0
1538523480000,6557.05000000,6559.81000000,6554.98000000,6555.00000000,4.77484500,1538523539999,31302.92789199,49,1.43696800,9419.76431107,0
1538523540000,6558.92000000,6558.92000000,6555.00000000,6555.01000000,1.59062200,1538523599999,10430.12272019,18,1.03461200,6785.47371639,0
1538523600000,6555.01000000,6557.70000000,6554.08000000,6556.94000000,8.52476200,1538523659999,55879.27753409,54,6.99029900,45821.34834139,0
1538523660000,6556.94000000,6559.91000000,6554.08000000,6555.19000000,4.58106100,1538523719999,30032.87424813,60,1.14064700,7479.75025994,0
1538523720000,6555.19000000,6556.88000000,6555.00000000,6555.00000000,1.90884600,1538523779999,12512.82900483,33,0.18362300,1203.96442086,0
1538523780000,6555.00000000,6556.79000000,6554.02000000,6554.02000000,1.52362400,1538523839999,9988.24508534,46,0.60215900,3948.19806286,0
1538523840000,6554.22000000,6554.22000000,6548.91000000,6549.99000000,30.18552000,1538523899999,197725.42069374,102,4.29002600,28101.33329929,0
1538523900000,6549.99000000,6552.90000000,6544.24000000,6545.42000000,12.67547300,1538523959999,82995.88056242,99,4.98049700,32624.20102897,0
1538523960000,6546.00000000,6552.36000000,6544.25000000,6548.55000000,9.71513300,1538524019999,63591.12826577,79,1.89583800,12413.28883271,0
1538524020000,6548.55000000,6551.68000000,6548.00000000,6548.00000000,2.57205300,1538524079999,16843.47031091,53,0.46940900,3074.27845286,0
1538524080000,6548.56000000,6551.16000000,6543.78000000,6543.78000000,10.33180700,1538524139999,67622.76376540,61,1.24238700,8136.06898622,0
1538524140000,6549.76000000,6549.76000000,6521.05000000,6521.95000000,154.41994800,1538524199999,1008476.66491841,413,28.47393900,185864.12612322,0
1538524200000,6530.49000000,6535.72000000,6519.42000000,6521.83000000,135.84329300,1538524259999,886443.52279386,555,37.92282300,247678.94784033,0
1538524260000,6524.84000000,6532.80000000,6510.08000000,6526.75000000,148.09566800,1538524319999,965562.39994810,555,68.42737700,446464.38941373,0
1538524320000,6526.75000000,6530.07000000,6514.28000000,6524.52000000,37.92574700,1538524379999,247301.59237411,277,16.59692400,108264.47369693,0
1538524380000,6527.99000000,6535.78000000,6524.53000000,6535.78000000,12.81925400,1538524439999,83742.41771439,165,10.26717700,67080.35148645,0
1538524440000,6530.30000000,6538.22000000,6530.30000000,6534.00000000,11.05181100,1538524499999,72226.04829552,120,5.82253300,38054.50870613,0
1538524500000,6534.00000000,6543.46000000,6534.00000000,6541.00000000,14.61297100,1538524559999,95570.52100189,105,11.04229600,72219.37556270,0
1538524560000,6541.00000000,6543.68000000,6540.99000000,6543.67000000,11.13551200,1538524619999,72847.29966603,92,7.41263800,48494.11857362,0
1538524620000,6543.67000000,6548.29000000,6542.53000000,6544.13000000,6.43773500,1538524679999,42132.91357282,73,3.04578700,19934.81810908,0
1538524680000,6544.13000000,6544.13000000,6532.66000000,6538.37000000,23.10361100,1538524739999,151029.74353007,120,6.64069600,43430.52441738,0
1538524740000,6538.44000000,6538.44000000,6525.00000000,6525.79000000,18.01157400,1538524799999,117570.18784620,126,13.16932800,85963.12285421,0
